# ----- Rotor performance tables for the DTU_10MW_LIR wind turbine ----- 
# ------------ Written on Aug-04-20 using the ROSCO toolbox ------------ 

# Pitch angle vector, 52 entries - x axis (matrix columns) (deg)
-1.0   -0.5   0.0   0.5   1.0   1.5   2.0   2.5   3.0   3.5   4.0   4.5   5.0   5.5   6.0   6.5   7.0   7.5   8.0   8.5   9.0   9.5   10.0   10.5   11.0   11.5   12.0   12.5   13.0   13.5   14.0   14.5   15.0   15.5   16.0   16.5   17.0   17.5   18.0   18.5   19.0   19.5   20.0   20.5   21.0   21.5   22.0   22.5   23.0   23.5   24.0   24.5   
# TSR vector, 24 entries - y axis (matrix rows) (-)
3.0    3.5    4.0    4.5    5.0    5.5    6.0    6.5    7.0    7.5    8.0    8.5    9.0    9.5    10.0    10.5    11.0    11.5    12.0    12.5    13.0    13.5    14.0    14.5    
# Wind speed vector - z axis (m/s)
10.5    

# Power coefficient

0.107731   0.111162   0.114479   0.117664   0.120696   0.123552   0.126206   0.128634   0.130814   0.132726   0.134355   0.135689   0.136719   0.137441   0.137851   0.137951   0.137745   0.137240   0.136447   0.135377   0.134044   0.132463   0.130648   0.128614   0.126377   0.123951   0.121351   0.118590   0.115679   0.112630   0.109450   0.106147   0.102727   0.099195   0.095554   0.091808   0.087959   0.084011   0.079966   0.075827   0.071597   0.067278   0.062875   0.058390   0.053828   0.049194   0.044493   0.039732   0.034919   0.030060   0.025166   0.020245   
0.163747   0.167037   0.169937   0.172424   0.174482   0.176100   0.177275   0.178006   0.178298   0.178160   0.177604   0.176647   0.175311   0.173616   0.171588   0.169248   0.166619   0.163723   0.160581   0.157214   0.153637   0.149869   0.145923   0.141811   0.137542   0.133121   0.128555   0.123846   0.118999   0.114016   0.108898   0.103649   0.098271   0.092765   0.087136   0.081386   0.075520   0.069541   0.063455   0.057268   0.050989   0.044627   0.038192   0.031697   0.025155   0.018578   0.011982   0.005382   -0.001209   -0.007775   -0.014301   -0.020773   
0.219696   0.221088   0.221889   0.222114   0.221781   0.220914   0.219542   0.217697   0.215413   0.212721   0.209653   0.206238   0.202502   0.198470   0.194166   0.189611   0.184823   0.179819   0.174611   0.169207   0.163615   0.157838   0.151880   0.145743   0.139430   0.132941   0.126280   0.119447   0.112445   0.105277   0.097946   0.090458   0.082817   0.075030   0.067105   0.059052   0.050884   0.042615   0.034262   0.025843   0.017376   0.008881   0.000376   -0.008118   -0.016582   -0.024997   -0.033344   -0.041603   -0.049758   -0.057792   -0.065690   -0.073440   
0.267125   0.265923   0.264126   0.261775   0.258911   0.255571   0.251791   0.247603   0.243036   0.238118   0.232874   0.227327   0.221498   0.215405   0.209060   0.202474   0.195650   0.188591   0.181301   0.173782   0.166035   0.158063   0.149865   0.141445   0.132806   0.123949   0.114879   0.105602   0.096124   0.086455   0.076604   0.066585   0.056413   0.046107   0.035688   0.025178   0.014601   0.003981   -0.006657   -0.017289   -0.027889   -0.038432   -0.048894   -0.059252   -0.069484   -0.079571   -0.089494   -0.099240   -0.108795   -0.118144   -0.127275   -0.136177   
0.305098   0.301622   0.297610   0.293096   0.288113   0.282690   0.276857   0.270640   0.264063   0.257149   0.249914   0.242370   0.234522   0.226374   0.217928   0.209188   0.200155   0.190833   0.181222   0.171326   0.161146   0.150687   0.139951   0.128947   0.117681   0.106163   0.094403   0.082416   0.070217   0.057825   0.045264   0.032558   0.019737   0.006827   -0.006139   -0.019132   -0.032120   -0.045074   -0.057963   -0.070759   -0.083434   -0.095962   -0.108319   -0.120485   -0.132442   -0.144172   -0.155657   -0.166881   -0.177829   -0.188486   -0.198839   -0.208875   
0.335910   0.330595   0.324747   0.318398   0.311576   0.304306   0.296613   0.288514   0.280022   0.271143   0.261882   0.252243   0.242229   0.231844   0.221091   0.209974   0.198496   0.186662   0.174477   0.161947   0.149079   0.135881   0.122363   0.108537   0.094417   0.080020   0.065367   0.050484   0.035400   0.020147   0.004759   -0.010730   -0.026283   -0.041865   -0.057438   -0.072967   -0.088418   -0.103756   -0.118948   -0.133961   -0.148770   -0.163349   -0.177677   -0.191731   -0.205490   -0.218932   -0.232037   -0.244785   -0.257158   -0.269140   -0.280716   -0.291873   
0.361184   0.354335   0.346910   0.338935   0.330435   0.321427   0.311922   0.301927   0.291450   0.280495   0.269069   0.257177   0.244826   0.232024   0.218776   0.205089   0.190969   0.176423   0.161459   0.146087   0.130318   0.114166   0.097648   0.080784   0.063600   0.046127   0.028398   0.010450   -0.007679   -0.025950   -0.044321   -0.062748   -0.081188   -0.099597   -0.117932   -0.136150   -0.154209   -0.172071   -0.189703   -0.207074   -0.224156   -0.240920   -0.257338   -0.273381   -0.289023   -0.304236   -0.318995   -0.333277   -0.347055   -0.360312   -0.373050   -0.385273   
0.381788   0.373640   0.364818   0.355342   0.345228   0.334491   0.323140   0.311188   0.298644   0.285518   0.271821   0.257560   0.242746   0.227385   0.211486   0.195057   0.178109   0.160651   0.142697   0.124261   0.105361   0.086020   0.066265   0.046131   0.025654   0.004875   -0.016166   -0.037421   -0.058842   -0.080377   -0.101972   -0.123573   -0.145125   -0.166577   -0.187874   -0.208968   -0.229814   -0.250375   -0.270614   -0.290495   -0.309981   -0.329035   -0.347622   -0.365702   -0.383237   -0.400195   -0.416574   -0.432353   -0.447526   -0.462102   -0.476087   -0.489489   
0.398242   0.388991   0.378909   0.368019   0.356343   0.343898   0.330702   0.316769   0.302113   0.286750   0.270690   0.253947   0.236531   0.218453   0.199723   0.180354   0.160359   0.139753   0.118554   0.096786   0.074477   0.051661   0.028380   0.004675   -0.019403   -0.043803   -0.068469   -0.093339   -0.118348   -0.143430   -0.168517   -0.193541   -0.218436   -0.243139   -0.267591   -0.291745   -0.315554   -0.338971   -0.361952   -0.384448   -0.406404   -0.427771   -0.448534   -0.468657   -0.488121   -0.506909   -0.525003   -0.542398   -0.559119   -0.575188   -0.590628   -0.605495   
0.410983   0.400845   0.389665   0.377477   0.364312   0.350198   0.335158   0.319216   0.302391   0.284701   0.266162   0.246789   0.226596   0.205597   0.183807   0.161241   0.137919   0.113862   0.089098   0.063664   0.037602   0.010962   -0.016203   -0.043834   -0.071868   -0.100233   -0.128854   -0.157649   -0.186535   -0.215430   -0.244250   -0.272917   -0.301355   -0.329499   -0.357292   -0.384673   -0.411580   -0.437944   -0.463727   -0.488895   -0.513402   -0.537219   -0.560295   -0.582608   -0.604156   -0.624934   -0.644952   -0.664252   -0.682857   -0.700805   -0.718130   -0.734870   
0.420509   0.409711   0.397598   0.384225   0.369637   0.353876   0.336975   0.318966   0.299874   0.279723   0.258536   0.236330   0.213125   0.188937   0.163787   0.137697   0.110697   0.082825   0.054124   0.024648   -0.005544   -0.036387   -0.067808   -0.099728   -0.132061   -0.164714   -0.197590   -0.230586   -0.263605   -0.296549   -0.329322   -0.361836   -0.394011   -0.425765   -0.457015   -0.487730   -0.517853   -0.547341   -0.576128   -0.604159   -0.631411   -0.657852   -0.683467   -0.708256   -0.732216   -0.755361   -0.777718   -0.799319   -0.820205   -0.840426   -0.860025   -0.879049   
0.427232   0.416011   0.403125   0.388661   0.372688   0.355264   0.336440   0.316257   0.294750   0.271951   0.247886   0.222579   0.196057   0.168346   0.139479   0.109494   0.078439   0.046368   0.013347   -0.020552   -0.055249   -0.090657   -0.126682   -0.163222   -0.200168   -0.237404   -0.274812   -0.312274   -0.349671   -0.386886   -0.423799   -0.460303   -0.496360   -0.531900   -0.566866   -0.601167   -0.634751   -0.667582   -0.699612   -0.730820   -0.761161   -0.790616   -0.819165   -0.846811   -0.873572   -0.899467   -0.924545   -0.948841   -0.972396   -0.995284   -1.017559   -1.039270   
0.431413   0.420007   0.406491   0.391003   0.373647   0.354509   0.333654   0.311139   0.287011   0.261313   0.234083   0.205358   0.175177   0.143586   0.110635   0.076383   0.040900   0.004263   -0.033442   -0.072120   -0.111672   -0.151986   -0.192948   -0.234430   -0.276299   -0.318411   -0.360623   -0.402778   -0.444714   -0.486359   -0.527626   -0.568437   -0.608678   -0.648291   -0.687221   -0.725421   -0.762855   -0.799444   -0.835155   -0.869932   -0.903761   -0.936614   -0.968469   -0.999359   -1.029297   -1.058328   -1.086518   -1.113906   -1.140541   -1.166502   -1.191849   -1.216659   
0.433134   0.421793   0.407783   0.391315   0.372544   0.351590   0.328547   0.303495   0.276500   0.247622   0.216920   0.184451   0.150275   0.114458   0.077076   0.038209   -0.002050   -0.043604   -0.086344   -0.130155   -0.174912   -0.220482   -0.266719   -0.313464   -0.360538   -0.407739   -0.454924   -0.501988   -0.548805   -0.595231   -0.641173   -0.686569   -0.731359   -0.775498   -0.818873   -0.861446   -0.903135   -0.943915   -0.983713   -1.022461   -1.060161   -1.096769   -1.132316   -1.166842   -1.200372   -1.232948   -1.264642   -1.295510   -1.325627   -1.355083   -1.383959   -1.412332   
0.432434   0.421328   0.406951   0.389520   0.369269   0.346371   0.320961   0.293152   0.263038   0.230707   0.196242   0.159724   0.121238   0.080875   0.038730   -0.005093   -0.050480   -0.097309   -0.145450   -0.194759   -0.245082   -0.296246   -0.348044   -0.400247   -0.452738   -0.505358   -0.557920   -0.610240   -0.662238   -0.713818   -0.764945   -0.815462   -0.865313   -0.914400   -0.962686   -1.010085   -1.056481   -1.101849   -1.146098   -1.189215   -1.231176   -1.271971   -1.311616   -1.350166   -1.387673   -1.424199   -1.459826   -1.494633   -1.528687   -1.562089   -1.594946   -1.627353   
0.429222   0.418486   0.403839   0.385462   0.363666   0.338700   0.310756   0.279987   0.246526   0.210491   0.171992   0.131137   0.088034   0.042797   -0.004455   -0.053591   -0.104474   -0.156953   -0.210863   -0.266019   -0.322182   -0.379137   -0.436774   -0.494874   -0.553197   -0.611561   -0.669825   -0.727923   -0.785692   -0.842994   -0.899746   -0.955862   -1.011275   -1.065825   -1.119453   -1.172064   -1.223589   -1.273967   -1.323123   -1.371006   -1.417616   -1.462980   -1.507139   -1.550156   -1.592104   -1.633037   -1.673047   -1.712234   -1.750690   -1.788517   -1.825843   -1.862784   
0.423327   0.413141   0.398276   0.379006   0.355629   0.328500   0.297878   0.263971   0.226949   0.186965   0.144158   0.098663   0.050618   0.000161   -0.052557   -0.107377   -0.164126   -0.222603   -0.282541   -0.343740   -0.406097   -0.469350   -0.533230   -0.597541   -0.662120   -0.726851   -0.791457   -0.855827   -0.919813   -0.983370   -1.046327   -1.108529   -1.169919   -1.230361   -1.289810   -1.348127   -1.405217   -1.461004   -1.515438   -1.568512   -1.620221   -1.670629   -1.719770   -1.767709   -1.814544   -1.860350   -1.905215   -1.949262   -1.992601   -2.035359   -2.077670   -2.119674   
0.414776   0.405142   0.390205   0.370094   0.345137   0.315769   0.282337   0.245108   0.204301   0.160107   0.112700   0.062248   0.008920   -0.047110   -0.105656   -0.166504   -0.229361   -0.294017   -0.360391   -0.428184   -0.497126   -0.566998   -0.637659   -0.708884   -0.780336   -0.851866   -0.923303   -0.994546   -1.065358   -1.135613   -1.205191   -1.273991   -1.341893   -1.408744   -1.474438   -1.538860   -1.601940   -1.663596   -1.723792   -1.782529   -1.839812   -1.895722   -1.950320   -2.003665   -2.055865   -2.107019   -2.157236   -2.206647   -2.255382   -2.303587   -2.351415   -2.399029   
0.403538   0.394529   0.379625   0.358722   0.332199   0.300515   0.264129   0.223383   0.178552   0.129873   0.077562   0.021825   -0.037126   -0.099063   -0.163672   -0.230686   -0.300074   -0.371498   -0.444686   -0.519409   -0.595556   -0.672823   -0.750831   -0.829365   -0.908233   -0.987231   -1.066070   -1.144614   -1.222701   -1.300241   -1.377031   -1.452918   -1.527772   -1.601454   -1.673890   -1.744913   -1.814479   -1.882486   -1.948916   -2.013801   -2.077163   -2.139065   -2.199601   -2.258847   -2.316916   -2.373924   -2.430002   -2.485292   -2.539951   -2.594144   -2.648050   -2.701853   
0.389567   0.381396   0.366517   0.344902   0.316806   0.282722   0.243229   0.198760   0.149656   0.096210   0.038687   -0.022646   -0.087466   -0.155384   -0.226432   -0.300237   -0.376534   -0.455047   -0.535715   -0.618206   -0.702095   -0.787129   -0.873078   -0.959638   -1.046453   -1.133327   -1.220073   -1.306565   -1.392540   -1.477838   -1.562290   -1.645746   -1.728098   -1.809149   -1.888828   -1.966962   -2.043495   -2.118371   -2.191548   -2.263082   -2.333020   -2.401435   -2.468420   -2.534077   -2.598527   -2.661908   -2.724371   -2.786083   -2.847222   -2.907978   -2.968553   -3.029156   
0.372973   0.365733   0.350920   0.328628   0.298928   0.262359   0.219600   0.171195   0.117567   0.059078   -0.003908   -0.070889   -0.141789   -0.216344   -0.294246   -0.375116   -0.458967   -0.545476   -0.634164   -0.724763   -0.817024   -0.910577   -1.004984   -1.099953   -1.195262   -1.290712   -1.385980   -1.480889   -1.575218   -1.668816   -1.761516   -1.853106   -1.943474   -2.032430   -2.119872   -2.205661   -2.289685   -2.371934   -2.452391   -2.531108   -2.608148   -2.683594   -2.757549   -2.830139   -2.901504   -2.971803   -3.041210   -3.109914   -3.178119   -3.246040   -3.313904   -3.381948   
0.353816   0.347480   0.332861   0.309856   0.278526   0.239389   0.193203   0.140653   0.082273   0.018654   -0.049769   -0.122985   -0.200511   -0.281913   -0.367191   -0.456101   -0.548111   -0.642899   -0.740233   -0.839736   -0.940900   -1.043326   -1.146747   -1.250871   -1.355294   -1.459783   -1.564066   -1.667974   -1.771286   -1.873763   -1.975250   -2.075539   -2.174492   -2.271920   -2.367665   -2.461629   -2.553705   -2.643876   -2.732154   -2.818590   -2.903264   -2.986275   -3.067747   -3.147823   -3.226665   -3.304454   -3.381389   -3.457683   -3.533567   -3.609283   -3.685085   -3.761239   
0.332254   0.326699   0.312311   0.288539   0.255564   0.213774   0.164015   0.107174   0.044216   -0.024847   -0.099394   -0.179059   -0.263499   -0.352723   -0.446156   -0.543317   -0.644020   -0.747932   -0.854493   -0.963226   -1.073827   -1.185908   -1.298990   -1.412719   -1.526764   -1.640902   -1.754869   -1.868369   -1.981219   -2.093172   -2.204056   -2.313636   -2.421734   -2.528189   -2.632824   -2.735525   -2.836209   -2.934859   -3.031506   -3.126216   -3.219084   -3.310227   -3.399786   -3.487926   -3.574832   -3.660709   -3.745780   -3.830288   -3.914490   -3.998658   -4.083075   -4.168036   
0.308588   0.303397   0.289198   0.264694   0.230024   0.185508   0.132237   0.071363   0.003099   -0.071791   -0.152555   -0.239398   -0.331793   -0.429066   -0.530975   -0.637250   -0.747333   -0.860684   -0.976941   -1.095699   -1.216448   -1.338611   -1.461851   -1.585816   -1.710190   -1.834585   -1.958795   -2.082521   -2.205548   -2.327599   -2.448457   -2.567924   -2.685779   -2.801846   -2.915949   -3.027962   -3.137822   -3.245528   -3.351123   -3.454689   -3.556336   -3.656199   -3.754441   -3.851248   -3.946828   -4.041414   -4.135257   -4.228627   -4.321813   -4.415115   -4.508850   -4.603345   


#  Thrust coefficient

0.175549   0.176912   0.178191   0.179367   0.180418   0.181323   0.182062   0.182615   0.182963   0.183088   0.182975   0.182608   0.181976   0.181071   0.179884   0.178416   0.176667   0.174644   0.172356   0.169816   0.167038   0.164038   0.160832   0.157437   0.153870   0.150147   0.146283   0.142293   0.138189   0.133983   0.129684   0.125300   0.120838   0.116303   0.111700   0.107034   0.102306   0.097520   0.092679   0.087785   0.082841   0.077851   0.072816   0.067741   0.062631   0.057490   0.052325   0.047142   0.041949   0.036756   0.031571   0.026404   
0.235960   0.236679   0.237083   0.237150   0.236859   0.236192   0.235136   0.233683   0.231831   0.229582   0.226946   0.223939   0.220584   0.216905   0.212929   0.208680   0.204185   0.199470   0.194557   0.189469   0.184226   0.178847   0.173346   0.167737   0.162029   0.156229   0.150342   0.144372   0.138320   0.132189   0.125981   0.119696   0.113336   0.106904   0.100401   0.093832   0.087200   0.080510   0.073768   0.066981   0.060159   0.053312   0.046452   0.039591   0.032744   0.025925   0.019148   0.012427   0.005777   -0.000787   -0.007252   -0.013602   
0.297722   0.296157   0.294054   0.291417   0.288256   0.284591   0.280451   0.275876   0.270903   0.265573   0.259924   0.253991   0.247806   0.241400   0.234799   0.228030   0.221111   0.214062   0.206895   0.199618   0.192237   0.184754   0.177172   0.169489   0.161707   0.153825   0.145844   0.137765   0.129588   0.121316   0.112954   0.104507   0.095980   0.087381   0.078721   0.070010   0.061263   0.052496   0.043727   0.034974   0.026257   0.017596   0.009009   0.000517   -0.007861   -0.016106   -0.024199   -0.032122   -0.039860   -0.047396   -0.054717   -0.061812   
0.353085   0.348135   0.342619   0.336594   0.330113   0.323228   0.315986   0.308432   0.300602   0.292530   0.284248   0.275782   0.267155   0.258384   0.249483   0.240456   0.231306   0.222034   0.212640   0.203124   0.193483   0.183719   0.173829   0.163814   0.153676   0.143418   0.133043   0.122560   0.111975   0.101298   0.090542   0.079721   0.068854   0.057960   0.047063   0.036187   0.025359   0.014602   0.003944   -0.006591   -0.016978   -0.027194   -0.037216   -0.047021   -0.056591   -0.065907   -0.074954   -0.083719   -0.092189   -0.100353   -0.108200   -0.115718   
0.399908   0.391640   0.382947   0.373880   0.364485   0.354800   0.344862   0.334701   0.324344   0.313812   0.303122   0.292283   0.281296   0.270162   0.258879   0.247448   0.235866   0.224133   0.212248   0.200210   0.188021   0.175682   0.163197   0.150574   0.137820   0.124946   0.111964   0.098890   0.085744   0.072547   0.059327   0.046114   0.032938   0.019831   0.006823   -0.006054   -0.018770   -0.031295   -0.043601   -0.055663   -0.067456   -0.078957   -0.090146   -0.101005   -0.111518   -0.121670   -0.131447   -0.140833   -0.149814   -0.158379   -0.166516   -0.174215   
0.440559   0.429405   0.417921   0.406145   0.394110   0.381846   0.369376   0.356718   0.343880   0.330864   0.317670   0.304296   0.290742   0.277008   0.263092   0.248995   0.234718   0.220262   0.205629   0.190823   0.175851   0.160722   0.145448   0.130044   0.114527   0.098919   0.083244   0.067535   0.051826   0.036152   0.020549   0.005055   -0.010295   -0.025464   -0.040419   -0.055126   -0.069555   -0.083677   -0.097461   -0.110883   -0.123920   -0.136551   -0.148758   -0.160522   -0.171824   -0.182648   -0.192974   -0.202786   -0.212070   -0.220811   -0.228998   -0.236620   
0.477136   0.463307   0.449190   0.434814   0.420202   0.405366   0.390312   0.375041   0.359553   0.343849   0.327930   0.311797   0.295451   0.278894   0.262129   0.245158   0.227985   0.210615   0.193056   0.175320   0.157422   0.139379   0.121211   0.102944   0.084611   0.066249   0.047897   0.029595   0.011384   -0.006695   -0.024602   -0.042295   -0.059735   -0.076882   -0.093700   -0.110152   -0.126204   -0.141825   -0.156987   -0.171667   -0.185842   -0.199489   -0.212583   -0.225101   -0.237021   -0.248321   -0.258979   -0.268976   -0.278290   -0.286903   -0.294823   -0.302058   
0.510539   0.494107   0.477381   0.460375   0.443100   0.425559   0.407756   0.389694   0.371378   0.352809   0.333993   0.314934   0.295634   0.276100   0.256334   0.236342   0.216133   0.195720   0.175117   0.154344   0.133423   0.112384   0.091262   0.070098   0.048934   0.027815   0.006786   -0.014109   -0.034821   -0.055302   -0.075503   -0.095377   -0.114880   -0.133966   -0.152594   -0.170723   -0.188321   -0.205357   -0.221803   -0.237631   -0.252811   -0.267315   -0.281113   -0.294172   -0.306458   -0.317946   -0.328638   -0.338522   -0.347592   -0.355864   -0.363342   -0.370040   
0.541107   0.522057   0.502663   0.482936   0.462886   0.442521   0.421850   0.400879   0.379616   0.358067   0.336238   0.314135   0.291763   0.269129   0.246239   0.223105   0.199743   0.176171   0.152414   0.128499   0.104462   0.080348   0.056203   0.032074   0.008014   -0.015926   -0.039692   -0.063226   -0.086472   -0.109370   -0.131864   -0.153899   -0.175424   -0.196387   -0.216747   -0.236466   -0.255511   -0.273846   -0.291437   -0.308246   -0.324226   -0.339337   -0.353571   -0.366905   -0.379322   -0.390818   -0.401377   -0.411002   -0.419717   -0.427547   -0.434512   -0.440665   
0.568990   0.547315   0.525220   0.502723   0.479841   0.456588   0.432978   0.409020   0.384725   0.360102   0.335158   0.309900   0.284335   0.258474   0.232329   0.205918   0.179264   0.152392   0.125339   0.098150   0.070875   0.043569   0.016290   -0.010905   -0.037952   -0.064787   -0.091341   -0.117544   -0.143327   -0.168623   -0.193367   -0.217500   -0.240964   -0.263714   -0.285707   -0.306902   -0.327247   -0.346687   -0.365197   -0.382759   -0.399337   -0.414914   -0.429448   -0.442930   -0.455363   -0.466751   -0.477106   -0.486471   -0.494869   -0.502335   -0.508900   -0.514590   
0.594462   0.570200   0.545414   0.520136   0.494393   0.468207   0.441595   0.414573   0.387154   0.359348   0.331164   0.302613   0.273706   0.244456   0.214885   0.185017   0.154888   0.124544   0.094037   0.063429   0.032783   0.002167   -0.028349   -0.058691   -0.088782   -0.118543   -0.147890   -0.176742   -0.205023   -0.232660   -0.259581   -0.285725   -0.311034   -0.335444   -0.358892   -0.381367   -0.402832   -0.423262   -0.442608   -0.460827   -0.477912   -0.493844   -0.508616   -0.522238   -0.534717   -0.546069   -0.556325   -0.565511   -0.573664   -0.580823   -0.587024   -0.592298   
0.617883   0.591100   0.563650   0.535586   0.506947   0.477767   0.448071   0.417880   0.387211   0.356075   0.324485   0.292456   0.260007   0.227163   0.193959   0.160440   0.126661   0.092687   0.058587   0.024439   -0.009679   -0.043685   -0.077494   -0.111018   -0.144166   -0.176844   -0.208959   -0.240422   -0.271146   -0.301046   -0.330031   -0.358020   -0.385005   -0.410941   -0.435799   -0.459509   -0.482041   -0.503381   -0.523498   -0.542385   -0.560013   -0.576379   -0.591474   -0.605308   -0.617902   -0.629277   -0.639476   -0.648528   -0.656462   -0.663336   -0.669190   -0.674051   
0.639572   0.610345   0.580251   0.549376   0.517783   0.485520   0.452620   0.419110   0.385013   0.350349   0.315142   0.279420   0.243218   0.206580   0.169564   0.132235   0.094669   0.056949   0.019161   -0.018605   -0.056255   -0.093695   -0.130827   -0.167548   -0.203752   -0.239331   -0.274175   -0.308165   -0.341176   -0.373175   -0.404115   -0.433953   -0.462605   -0.490043   -0.516245   -0.541186   -0.564855   -0.587197   -0.608200   -0.627826   -0.646078   -0.662939   -0.678395   -0.692487   -0.705226   -0.716649   -0.726814   -0.735748   -0.743480   -0.750070   -0.755556   -0.759988   
0.659719   0.628134   0.595404   0.561670   0.527026   0.491540   0.455266   0.418245   0.380516   0.342118   0.303092   0.263485   0.223356   0.182773   0.141815   0.100566   0.059120   0.017574   -0.023971   -0.065415   -0.106649   -0.147565   -0.188047   -0.227970   -0.267196   -0.305562   -0.342970   -0.379371   -0.414686   -0.448816   -0.481709   -0.513344   -0.543697   -0.572758   -0.600446   -0.626756   -0.651636   -0.675082   -0.697043   -0.717469   -0.736379   -0.753741   -0.769588   -0.783960   -0.796878   -0.808371   -0.818496   -0.827289   -0.834802   -0.841097   -0.846225   -0.850229   
0.678454   0.644517   0.609140   0.572461   0.534633   0.495765   0.455939   0.415224   0.373684   0.331379   0.288375   0.244744   0.200567   0.155933   0.110936   0.065680   0.020271   -0.025179   -0.070556   -0.115741   -0.160609   -0.205023   -0.248815   -0.291797   -0.333908   -0.375053   -0.415104   -0.453931   -0.491513   -0.527802   -0.562812   -0.596432   -0.628650   -0.659408   -0.688708   -0.716496   -0.742683   -0.767272   -0.790195   -0.811454   -0.831041   -0.848955   -0.865211   -0.879857   -0.892934   -0.904488   -0.914576   -0.923251   -0.930550   -0.936540   -0.941285   -0.944843   
0.695749   0.659423   0.621359   0.581656   0.540528   0.498141   0.454621   0.410073   0.364587   0.318252   0.271158   0.223398   0.175072   0.126287   0.077155   0.027795   -0.021667   -0.071103   -0.120378   -0.169339   -0.217787   -0.265546   -0.312570   -0.358710   -0.403789   -0.447696   -0.490361   -0.531783   -0.571864   -0.610521   -0.647732   -0.683458   -0.717685   -0.750294   -0.781265   -0.810544   -0.838086   -0.863858   -0.887812   -0.909913   -0.930169   -0.948613   -0.965281   -0.980221   -0.993491   -1.005120   -1.015170   -1.023707   -1.030781   -1.036452   -1.040799   -1.043886   
0.711485   0.672776   0.631963   0.589210   0.544712   0.498719   0.451411   0.402930   0.353398   0.302931   0.251642   0.199645   0.147061   0.094017   0.040646   -0.012911   -0.066507   -0.119974   -0.173078   -0.225658   -0.277683   -0.328957   -0.379279   -0.428534   -0.476643   -0.523572   -0.569127   -0.613272   -0.655930   -0.697122   -0.736741   -0.774684   -0.810952   -0.845452   -0.878184   -0.909047   -0.937980   -0.964933   -0.989880   -1.012831   -1.033784   -1.052804   -1.069915   -1.085161   -1.098616   -1.110321   -1.120329   -1.128715   -1.135542   -1.140882   -1.144811   -1.147410   
0.725714   0.684524   0.640994   0.595183   0.547296   0.497644   0.446473   0.393968   0.340290   0.285583   0.229985   0.173636   0.116682   0.059274   0.001573   -0.056238   -0.113896   -0.171223   -0.228214   -0.284634   -0.340283   -0.395027   -0.448813   -0.501520   -0.552905   -0.602919   -0.651477   -0.698568   -0.744032   -0.787810   -0.829856   -0.870127   -0.908562   -0.945060   -0.979561   -1.011991   -1.042316   -1.070481   -1.096473   -1.120309   -1.141992   -1.161594   -1.179161   -1.194728   -1.208364   -1.220130   -1.230088   -1.238313   -1.244876   -1.249859   -1.253343   -1.255420   
0.738504   0.694795   0.648569   0.599702   0.548428   0.495067   0.439952   0.383329   0.325397   0.266334   0.206312   0.145500   0.084074   0.022231   -0.039743   -0.101607   -0.163405   -0.224863   -0.285780   -0.346006   -0.405525   -0.464147   -0.521594   -0.577772   -0.632595   -0.685976   -0.737721   -0.787783   -0.836090   -0.882628   -0.927271   -0.969934   -1.010549   -1.049031   -1.085360   -1.119410   -1.151177   -1.180590   -1.207649   -1.232393   -1.254841   -1.275042   -1.293063   -1.308949   -1.322768   -1.334587   -1.344477   -1.352516   -1.358787   -1.363381   -1.366393   -1.367922   
0.749942   0.703784   0.654799   0.602896   0.548221   0.491100   0.431962   0.371120   0.308824   0.245295   0.180742   0.115380   0.049495   -0.016538   -0.082828   -0.149068   -0.215063   -0.280609   -0.345745   -0.410253   -0.473812   -0.536301   -0.597618   -0.657594   -0.715995   -0.772741   -0.827755   -0.881013   -0.932345   -0.981681   -1.028930   -1.074016   -1.116903   -1.157450   -1.195647   -1.231369   -1.264596   -1.295303   -1.323463   -1.349134   -1.372354   -1.393174   -1.411654   -1.427854   -1.441842   -1.453693   -1.463489   -1.471317   -1.477273   -1.481454   -1.483967   -1.484923   
0.760212   0.711592   0.659814   0.604872   0.546761   0.485834   0.422590   0.357432   0.290670   0.222581   0.153457   0.083771   0.013543   -0.057059   -0.127786   -0.198331   -0.268801   -0.338993   -0.408531   -0.477278   -0.545119   -0.611842   -0.677149   -0.740892   -0.802987   -0.863370   -0.921832   -0.978309   -1.032680   -1.084889   -1.134863   -1.182465   -1.227669   -1.270345   -1.310452   -1.347905   -1.382629   -1.414641   -1.443937   -1.470563   -1.494568   -1.516005   -1.534937   -1.551434   -1.565573   -1.577439   -1.587123   -1.594721   -1.600338   -1.604084   -1.606076   -1.606436   
0.769440   0.718272   0.663729   0.605689   0.544116   0.479343   0.411920   0.342359   0.271065   0.198538   0.125176   0.050845   -0.024029   -0.099090   -0.174426   -0.249915   -0.325136   -0.399881   -0.474061   -0.547459   -0.619725   -0.690616   -0.760037   -0.827863   -0.893837   -0.957866   -1.019806   -1.079606   -1.137167   -1.192345   -1.245097   -1.295296   -1.342889   -1.387763   -1.429822   -1.469020   -1.505291   -1.538643   -1.569093   -1.596685   -1.621473   -1.643521   -1.662898   -1.679684   -1.693963   -1.705830   -1.715384   -1.722733   -1.727991   -1.731281   -1.732729   -1.732471   
0.777800   0.723942   0.666610   0.605399   0.540354   0.471701   0.400044   0.326071   0.250653   0.173658   0.095562   0.016636   -0.062843   -0.143025   -0.223453   -0.303751   -0.383871   -0.463643   -0.542667   -0.620630   -0.697415   -0.772830   -0.846581   -0.918482   -0.988372   -1.056174   -1.121774   -1.185000   -1.245806   -1.304055   -1.359684   -1.412560   -1.462590   -1.509697   -1.553769   -1.594750   -1.632595   -1.667307   -1.698920   -1.727483   -1.753059   -1.775717   -1.795538   -1.812605   -1.827015   -1.838869   -1.848278   -1.855360   -1.860240   -1.863052   -1.863936   -1.863037   
0.785538   0.728682   0.668488   0.604102   0.535553   0.463007   0.387300   0.309450   0.229364   0.147682   0.065039   -0.018906   -0.103777   -0.189006   -0.274481   -0.360091   -0.445444   -0.530161   -0.614063   -0.696957   -0.778553   -0.858464   -0.936569   -1.012694   -1.086714   -1.158399   -1.227710   -1.294488   -1.358659   -1.420075   -1.478633   -1.534247   -1.586790   -1.636174   -1.682297   -1.725089   -1.764523   -1.800615   -1.833405   -1.862952   -1.889323   -1.912596   -1.932858   -1.950203   -1.964733   -1.976563   -1.985812   -1.992609   -1.997092   -1.999407   -1.999704   -1.998143   


# Torque coefficient

0.035944   0.037089   0.038196   0.039259   0.040270   0.041223   0.042109   0.042919   0.043646   0.044284   0.044828   0.045273   0.045617   0.045857   0.045994   0.046028   0.045959   0.045790   0.045526   0.045169   0.044724   0.044196   0.043591   0.042912   0.042166   0.041356   0.040489   0.039568   0.038597   0.037579   0.036518   0.035416   0.034275   0.033096   0.031882   0.030632   0.029348   0.028030   0.026681   0.025300   0.023888   0.022447   0.020978   0.019482   0.017960   0.016414   0.014845   0.013257   0.011651   0.010030   0.008397   0.006755   
0.046829   0.047770   0.048600   0.049311   0.049899   0.050362   0.050698   0.050907   0.050991   0.050951   0.050792   0.050519   0.050136   0.049652   0.049072   0.048403   0.047651   0.046823   0.045924   0.044961   0.043938   0.042861   0.041732   0.040556   0.039335   0.038071   0.036765   0.035418   0.034032   0.032607   0.031143   0.029642   0.028104   0.026530   0.024920   0.023275   0.021598   0.019888   0.018147   0.016378   0.014582   0.012763   0.010922   0.009065   0.007194   0.005313   0.003427   0.001539   -0.000346   -0.002223   -0.004090   -0.005941   
0.054976   0.055325   0.055525   0.055581   0.055498   0.055281   0.054938   0.054476   0.053904   0.053231   0.052463   0.051609   0.050674   0.049665   0.048588   0.047448   0.046250   0.044998   0.043694   0.042342   0.040943   0.039497   0.038006   0.036471   0.034891   0.033267   0.031600   0.029890   0.028138   0.026344   0.024510   0.022636   0.020724   0.018775   0.016792   0.014777   0.012733   0.010664   0.008574   0.006467   0.004348   0.002222   0.000094   -0.002031   -0.004150   -0.006255   -0.008344   -0.010411   -0.012451   -0.014462   -0.016438   -0.018378   
0.059418   0.059150   0.058751   0.058228   0.057591   0.056848   0.056007   0.055075   0.054059   0.052965   0.051799   0.050565   0.049269   0.047913   0.046502   0.045037   0.043519   0.041949   0.040328   0.038655   0.036932   0.035158   0.033335   0.031462   0.029540   0.027570   0.025553   0.023489   0.021381   0.019230   0.017039   0.014811   0.012548   0.010256   0.007938   0.005600   0.003248   0.000885   -0.001481   -0.003846   -0.006203   -0.008549   -0.010876   -0.013180   -0.015456   -0.017699   -0.019907   -0.022074   -0.024200   -0.026279   -0.028310   -0.030290   
0.061078   0.060382   0.059579   0.058675   0.057677   0.056592   0.055424   0.054180   0.052863   0.051479   0.050030   0.048520   0.046949   0.045318   0.043627   0.041877   0.040069   0.038203   0.036279   0.034298   0.032260   0.030166   0.028017   0.025814   0.023559   0.021253   0.018899   0.016499   0.014057   0.011576   0.009061   0.006518   0.003951   0.001367   -0.001229   -0.003830   -0.006430   -0.009023   -0.011604   -0.014165   -0.016703   -0.019211   -0.021684   -0.024120   -0.026514   -0.028862   -0.031161   -0.033408   -0.035600   -0.037733   -0.039806   -0.041815   
0.061133   0.060165   0.059101   0.057946   0.056704   0.055381   0.053981   0.052507   0.050962   0.049346   0.047660   0.045906   0.044084   0.042194   0.040237   0.038213   0.036125   0.033971   0.031753   0.029473   0.027131   0.024729   0.022269   0.019753   0.017183   0.014563   0.011896   0.009188   0.006442   0.003667   0.000866   -0.001953   -0.004783   -0.007619   -0.010453   -0.013279   -0.016091   -0.018883   -0.021647   -0.024380   -0.027075   -0.029728   -0.032336   -0.034893   -0.037397   -0.039844   -0.042229   -0.044549   -0.046801   -0.048981   -0.051088   -0.053118   
0.060255   0.059112   0.057873   0.056543   0.055125   0.053622   0.052036   0.050369   0.048621   0.046794   0.044887   0.042904   0.040843   0.038708   0.036497   0.034214   0.031858   0.029432   0.026935   0.024371   0.021740   0.019046   0.016290   0.013477   0.010610   0.007695   0.004738   0.001743   -0.001281   -0.004329   -0.007394   -0.010468   -0.013544   -0.016615   -0.019674   -0.022713   -0.025726   -0.028706   -0.031647   -0.034545   -0.037395   -0.040192   -0.042930   -0.045607   -0.048216   -0.050754   -0.053216   -0.055599   -0.057898   -0.060109   -0.062234   -0.064273   
0.058793   0.057538   0.056179   0.054720   0.053163   0.051509   0.049761   0.047921   0.045989   0.043968   0.041858   0.039662   0.037381   0.035016   0.032567   0.030037   0.027427   0.024739   0.021974   0.019135   0.016225   0.013246   0.010204   0.007104   0.003951   0.000751   -0.002489   -0.005763   -0.009061   -0.012377   -0.015703   -0.019029   -0.022348   -0.025652   -0.028931   -0.032180   -0.035390   -0.038556   -0.041673   -0.044734   -0.047735   -0.050669   -0.053531   -0.056316   -0.059016   -0.061627   -0.064149   -0.066579   -0.068916   -0.071160   -0.073314   -0.075378   
0.056946   0.055623   0.054181   0.052624   0.050955   0.049175   0.047288   0.045296   0.043200   0.041003   0.038707   0.036313   0.033822   0.031237   0.028559   0.025789   0.022930   0.019984   0.016952   0.013840   0.010650   0.007387   0.004058   0.000669   -0.002774   -0.006264   -0.009791   -0.013347   -0.016923   -0.020510   -0.024097   -0.027675   -0.031235   -0.034767   -0.038264   -0.041718   -0.045122   -0.048471   -0.051757   -0.054973   -0.058113   -0.061168   -0.064137   -0.067015   -0.069798   -0.072485   -0.075072   -0.077559   -0.079950   -0.082248   -0.084456   -0.086582   
0.054850   0.053497   0.052005   0.050378   0.048621   0.046737   0.044730   0.042603   0.040357   0.037996   0.035522   0.032937   0.030242   0.027439   0.024531   0.021519   0.018407   0.015196   0.011891   0.008497   0.005018   0.001463   -0.002162   -0.005850   -0.009591   -0.013377   -0.017197   -0.021040   -0.024895   -0.028751   -0.032598   -0.036424   -0.040219   -0.043975   -0.047684   -0.051339   -0.054930   -0.058448   -0.061889   -0.065248   -0.068519   -0.071697   -0.074777   -0.077755   -0.080631   -0.083404   -0.086076   -0.088651   -0.091134   -0.093530   -0.095842   -0.098076   
0.052614   0.051263   0.049747   0.048074   0.046249   0.044277   0.042162   0.039909   0.037520   0.034999   0.032348   0.029569   0.026666   0.023640   0.020493   0.017229   0.013850   0.010363   0.006772   0.003084   -0.000694   -0.004553   -0.008484   -0.012478   -0.016523   -0.020609   -0.024722   -0.028851   -0.032982   -0.037104   -0.041204   -0.045273   -0.049298   -0.053271   -0.057181   -0.061024   -0.064793   -0.068483   -0.072085   -0.075592   -0.079002   -0.082310   -0.085515   -0.088616   -0.091614   -0.094510   -0.097307   -0.100010   -0.102623   -0.105153   -0.107606   -0.109986   
0.050310   0.048989   0.047472   0.045768   0.043887   0.041836   0.039619   0.037242   0.034710   0.032025   0.029191   0.026211   0.023087   0.019824   0.016425   0.012894   0.009237   0.005460   0.001572   -0.002420   -0.006506   -0.010676   -0.014918   -0.019221   -0.023572   -0.027957   -0.032362   -0.036773   -0.041177   -0.045559   -0.049906   -0.054205   -0.058451   -0.062636   -0.066754   -0.070793   -0.074748   -0.078614   -0.082386   -0.086061   -0.089634   -0.093102   -0.096464   -0.099720   -0.102871   -0.105920   -0.108874   -0.111735   -0.114509   -0.117204   -0.119827   -0.122384   
0.047980   0.046712   0.045209   0.043486   0.041556   0.039427   0.037108   0.034604   0.031921   0.029062   0.026034   0.022839   0.019483   0.015969   0.012304   0.008495   0.004549   0.000474   -0.003719   -0.008021   -0.012420   -0.016903   -0.021459   -0.026073   -0.030729   -0.035413   -0.040107   -0.044796   -0.049460   -0.054091   -0.058681   -0.063220   -0.067695   -0.072101   -0.076431   -0.080679   -0.084842   -0.088912   -0.092883   -0.096751   -0.100514   -0.104167   -0.107710   -0.111146   -0.114475   -0.117704   -0.120839   -0.123885   -0.126848   -0.129735   -0.132554   -0.135313   
0.045636   0.044442   0.042965   0.041230   0.039253   0.037045   0.034617   0.031977   0.029133   0.026090   0.022855   0.019434   0.015833   0.012060   0.008121   0.004026   -0.000216   -0.004594   -0.009097   -0.013714   -0.018429   -0.023231   -0.028102   -0.033028   -0.037988   -0.042961   -0.047932   -0.052891   -0.057824   -0.062716   -0.067556   -0.072339   -0.077059   -0.081709   -0.086279   -0.090765   -0.095157   -0.099454   -0.103647   -0.107730   -0.111702   -0.115559   -0.119305   -0.122943   -0.126475   -0.129908   -0.133247   -0.136499   -0.139673   -0.142776   -0.145819   -0.148808   
0.043285   0.042173   0.040734   0.038989   0.036962   0.034670   0.032127   0.029343   0.026329   0.023093   0.019643   0.015988   0.012135   0.008095   0.003877   -0.000510   -0.005053   -0.009740   -0.014559   -0.019494   -0.024532   -0.029653   -0.034838   -0.040063   -0.045317   -0.050584   -0.055845   -0.061082   -0.066287   -0.071450   -0.076567   -0.081624   -0.086614   -0.091527   -0.096360   -0.101105   -0.105749   -0.110290   -0.114719   -0.119035   -0.123235   -0.127318   -0.131287   -0.135145   -0.138899   -0.142556   -0.146122   -0.149606   -0.153014   -0.156358   -0.159647   -0.162890   
0.040917   0.039894   0.038497   0.036746   0.034668   0.032288   0.029624   0.026691   0.023501   0.020066   0.016396   0.012501   0.008392   0.004080   -0.000425   -0.005109   -0.009959   -0.014962   -0.020101   -0.025359   -0.030713   -0.036143   -0.041637   -0.047176   -0.052736   -0.058299   -0.063854   -0.069392   -0.074899   -0.080362   -0.085772   -0.091121   -0.096404   -0.101604   -0.106716   -0.111731   -0.116643   -0.121446   -0.126132   -0.130696   -0.135140   -0.139464   -0.143674   -0.147775   -0.151773   -0.155675   -0.159490   -0.163225   -0.166891   -0.170497   -0.174056   -0.177577   
0.038521   0.037594   0.036241   0.034488   0.032361   0.029892   0.027106   0.024020   0.020651   0.017013   0.013118   0.008978   0.004606   0.000015   -0.004782   -0.009771   -0.014935   -0.020256   -0.025710   -0.031279   -0.036953   -0.042709   -0.048522   -0.054374   -0.060250   -0.066140   -0.072019   -0.077877   -0.083699   -0.089482   -0.095211   -0.100871   -0.106458   -0.111958   -0.117367   -0.122674   -0.127869   -0.132945   -0.137898   -0.142728   -0.147433   -0.152020   -0.156492   -0.160854   -0.165116   -0.169284   -0.173366   -0.177374   -0.181318   -0.185209   -0.189059   -0.192881   
0.036102   0.035263   0.033963   0.032213   0.030040   0.027484   0.024574   0.021334   0.017782   0.013936   0.009809   0.005418   0.000776   -0.004100   -0.009196   -0.014492   -0.019963   -0.025591   -0.031368   -0.037269   -0.043270   -0.049351   -0.055501   -0.061701   -0.067920   -0.074146   -0.080364   -0.086565   -0.092728   -0.098843   -0.104899   -0.110887   -0.116798   -0.122616   -0.128334   -0.133941   -0.139432   -0.144798   -0.150038   -0.155150   -0.160136   -0.165002   -0.169755   -0.174398   -0.178941   -0.183394   -0.187764   -0.192065   -0.196307   -0.200503   -0.204666   -0.208810   
0.033660   0.032909   0.031666   0.029922   0.027710   0.025067   0.022032   0.018633   0.014894   0.010833   0.006470   0.001821   -0.003097   -0.008263   -0.013652   -0.019242   -0.025030   -0.030988   -0.037092   -0.043325   -0.049677   -0.056122   -0.062629   -0.069180   -0.075758   -0.082348   -0.088924   -0.095475   -0.101989   -0.108457   -0.114862   -0.121192   -0.127436   -0.133582   -0.139624   -0.145548   -0.151351   -0.157023   -0.162564   -0.167977   -0.173262   -0.178425   -0.183475   -0.188417   -0.193260   -0.198016   -0.202693   -0.207305   -0.211864   -0.216385   -0.220881   -0.225369   
0.031195   0.030541   0.029349   0.027618   0.025369   0.022639   0.019477   0.015916   0.011984   0.007704   0.003098   -0.001813   -0.007004   -0.012443   -0.018132   -0.024042   -0.030151   -0.036438   -0.042898   -0.049504   -0.056221   -0.063030   -0.069913   -0.076844   -0.083796   -0.090753   -0.097699   -0.104625   -0.111509   -0.118340   -0.125102   -0.131785   -0.138380   -0.144870   -0.151250   -0.157507   -0.163635   -0.169631   -0.175491   -0.181219   -0.186819   -0.192298   -0.197662   -0.202919   -0.208080   -0.213155   -0.218157   -0.223099   -0.227995   -0.232860   -0.237710   -0.242563   
0.028718   0.028160   0.027020   0.025303   0.023016   0.020201   0.016908   0.013181   0.009052   0.004549   -0.000301   -0.005458   -0.010917   -0.016658   -0.022656   -0.028883   -0.035339   -0.042000   -0.048828   -0.055804   -0.062908   -0.070111   -0.077380   -0.084692   -0.092031   -0.099380   -0.106715   -0.114023   -0.121286   -0.128493   -0.135630   -0.142682   -0.149640   -0.156490   -0.163222   -0.169828   -0.176297   -0.182630   -0.188825   -0.194886   -0.200818   -0.206627   -0.212321   -0.217910   -0.223405   -0.228818   -0.234162   -0.239452   -0.244704   -0.249933   -0.255159   -0.260398   
0.026234   0.025764   0.024680   0.022974   0.020651   0.017749   0.014325   0.010429   0.006100   0.001383   -0.003690   -0.009119   -0.014867   -0.020902   -0.027225   -0.033817   -0.040640   -0.047668   -0.054884   -0.062262   -0.069763   -0.077357   -0.085025   -0.092745   -0.100488   -0.108235   -0.115967   -0.123671   -0.131331   -0.138929   -0.146454   -0.153890   -0.161227   -0.168451   -0.175550   -0.182517   -0.189344   -0.196029   -0.202575   -0.208983   -0.215261   -0.221416   -0.227457   -0.233394   -0.239240   -0.245008   -0.250712   -0.256369   -0.261995   -0.267609   -0.273229   -0.278876   
0.023755   0.023358   0.022329   0.020630   0.018272   0.015284   0.011726   0.007663   0.003161   -0.001776   -0.007106   -0.012802   -0.018839   -0.025219   -0.031899   -0.038845   -0.046045   -0.053475   -0.061093   -0.068867   -0.076775   -0.084788   -0.092873   -0.101005   -0.109158   -0.117319   -0.125467   -0.133582   -0.141650   -0.149655   -0.157583   -0.165417   -0.173146   -0.180757   -0.188238   -0.195581   -0.202779   -0.209832   -0.216742   -0.223514   -0.230154   -0.236670   -0.243073   -0.249375   -0.255588   -0.261728   -0.267811   -0.273853   -0.279873   -0.285891   -0.291926   -0.298000   
0.021302   0.020944   0.019964   0.018272   0.015879   0.012806   0.009128   0.004926   0.000214   -0.004956   -0.010531   -0.016526   -0.022904   -0.029619   -0.036654   -0.043990   -0.051589   -0.059414   -0.067439   -0.075637   -0.083973   -0.092406   -0.100913   -0.109471   -0.118057   -0.126644   -0.135218   -0.143759   -0.152252   -0.160677   -0.169020   -0.177267   -0.185403   -0.193415   -0.201292   -0.209024   -0.216608   -0.224043   -0.231332   -0.238481   -0.245498   -0.252392   -0.259174   -0.265856   -0.272454   -0.278984   -0.285462   -0.291907   -0.298340   -0.304781   -0.311251   -0.317775   

