# ----- Rotor performance tables for the IEA-10.0-198-RWT wind turbine ----- 
# ------------ Written on Aug-03-20 using the ROSCO toolbox ------------ 

# Pitch angle vector, 52 entries - x axis (matrix columns) (deg)
-1.0   -0.5   0.0   0.5   1.0   1.5   2.0   2.5   3.0   3.5   4.0   4.5   5.0   5.5   6.0   6.5   7.0   7.5   8.0   8.5   9.0   9.5   10.0   10.5   11.0   11.5   12.0   12.5   13.0   13.5   14.0   14.5   15.0   15.5   16.0   16.5   17.0   17.5   18.0   18.5   19.0   19.5   20.0   20.5   21.0   21.5   22.0   22.5   23.0   23.5   24.0   24.5   
# TSR vector, 24 entries - y axis (matrix rows) (-)
3.0    3.5    4.0    4.5    5.0    5.5    6.0    6.5    7.0    7.5    8.0    8.5    9.0    9.5    10.0    10.5    11.0    11.5    12.0    12.5    13.0    13.5    14.0    14.5    
# Wind speed vector - z axis (m/s)
11.0    

# Power coefficient

0.058821   0.061582   0.064360   0.067158   0.069974   0.072810   0.075665   0.078536   0.081420   0.084311   0.087196   0.090066   0.092901   0.095681   0.098384   0.100984   0.103454   0.105770   0.107907   0.109846   0.111567   0.113055   0.114299   0.115288   0.116017   0.116481   0.116679   0.116611   0.116283   0.115702   0.114877   0.113822   0.112548   0.111071   0.109405   0.107565   0.105562   0.103411   0.101122   0.098706   0.096171   0.093525   0.090775   0.087927   0.084984   0.081950   0.078827   0.075619   0.072326   0.068950   0.065494   0.061958   
0.094822   0.099052   0.103312   0.107590   0.111869   0.116124   0.120324   0.124432   0.128409   0.132213   0.135800   0.139132   0.142173   0.144889   0.147254   0.149245   0.150845   0.152041   0.152827   0.153203   0.153175   0.152757   0.151966   0.150824   0.149355   0.147584   0.145536   0.143235   0.140704   0.137965   0.135034   0.131930   0.128667   0.125259   0.121717   0.118049   0.114260   0.110356   0.106339   0.102215   0.097982   0.093644   0.089199   0.084651   0.080001   0.075253   0.070408   0.065469   0.060440   0.055326   0.050132   0.044859   
0.143428   0.149370   0.155177   0.160790   0.166141   0.171167   0.175808   0.180010   0.183725   0.186911   0.189534   0.191573   0.193014   0.193859   0.194120   0.193821   0.192992   0.191672   0.189898   0.187712   0.185151   0.182253   0.179049   0.175571   0.171848   0.167907   0.163768   0.159452   0.154972   0.150340   0.145566   0.140654   0.135609   0.130432   0.125124   0.119686   0.114120   0.108427   0.102606   0.096660   0.090590   0.084399   0.078090   0.071668   0.065134   0.058492   0.051743   0.044891   0.037939   0.030894   0.023769   0.016583   
0.203251   0.209913   0.216011   0.221470   0.226223   0.230211   0.233399   0.235767   0.237315   0.238059   0.238039   0.237302   0.235905   0.233908   0.231366   0.228332   0.224858   0.220990   0.216774   0.212249   0.207451   0.202411   0.197155   0.191705   0.186077   0.180282   0.174328   0.168217   0.161953   0.155536   0.148965   0.142241   0.135362   0.128328   0.121139   0.113796   0.106300   0.098652   0.090854   0.082907   0.074812   0.066569   0.058182   0.049657   0.041009   0.032259   0.023397   0.014408   0.005322   -0.003838   -0.013076   -0.022357   
0.266889   0.272315   0.276695   0.280003   0.282242   0.283444   0.283665   0.282981   0.281473   0.279217   0.276286   0.272751   0.268677   0.264123   0.259148   0.253801   0.248128   0.242168   0.235953   0.229512   0.222866   0.216032   0.209018   0.201826   0.194456   0.186906   0.179175   0.171260   0.163158   0.154868   0.146390   0.137721   0.128862   0.119810   0.110563   0.101119   0.091474   0.081633   0.071605   0.061418   0.051065   0.040510   0.029789   0.018937   0.007939   -0.003180   -0.014428   -0.025775   -0.037187   -0.048632   -0.060112   -0.071589   
0.324625   0.327150   0.328433   0.328569   0.327664   0.325817   0.323120   0.319657   0.315509   0.310750   0.305449   0.299671   0.293474   0.286907   0.280017   0.272845   0.265424   0.257776   0.249916   0.241847   0.233569   0.225078   0.216368   0.207439   0.198288   0.188911   0.179308   0.169474   0.159404   0.149091   0.138525   0.127701   0.116619   0.105295   0.093760   0.081954   0.069875   0.057582   0.045078   0.032359   0.019416   0.006278   -0.007025   -0.020459   -0.034035   -0.047735   -0.061554   -0.075444   -0.089317   -0.103178   -0.117034   -0.130803   
0.370148   0.369722   0.368217   0.365733   0.362362   0.358187   0.353291   0.347750   0.341640   0.335029   0.327978   0.320540   0.312759   0.304675   0.296315   0.287695   0.278819   0.269686   0.260293   0.250636   0.240715   0.230527   0.220067   0.209328   0.198299   0.186966   0.175317   0.163349   0.151076   0.138536   0.125619   0.112356   0.098809   0.084961   0.070783   0.056282   0.041499   0.026467   0.011208   -0.004297   -0.020048   -0.036017   -0.052144   -0.068398   -0.084805   -0.101359   -0.118009   -0.134656   -0.151289   -0.167797   -0.184090   -0.200109   
0.403238   0.400924   0.397639   0.393471   0.388508   0.382832   0.376517   0.369632   0.362237   0.354383   0.346118   0.337482   0.328505   0.319203   0.309581   0.299638   0.289373   0.278784   0.267865   0.256605   0.244989   0.233001   0.220633   0.207892   0.194835   0.181326   0.167377   0.153063   0.138375   0.123223   0.107643   0.091669   0.075335   0.058661   0.041604   0.024168   0.006420   -0.011584   -0.029904   -0.048496   -0.067340   -0.086465   -0.105783   -0.125265   -0.144882   -0.164531   -0.184204   -0.203784   -0.223140   -0.242194   -0.260833   -0.278912   
0.425915   0.422909   0.418932   0.414067   0.408395   0.401990   0.394922   0.387260   0.379065   0.370388   0.361267   0.351725   0.341768   0.331397   0.320610   0.309398   0.297744   0.285635   0.273073   0.260088   0.246693   0.232708   0.218257   0.203405   0.187967   0.171986   0.155493   0.138514   0.121089   0.103113   0.084610   0.065664   0.046338   0.026514   0.006238   -0.014385   -0.035389   -0.056817   -0.078552   -0.100618   -0.122954   -0.145544   -0.168352   -0.191282   -0.214236   -0.237195   -0.259994   -0.282544   -0.304688   -0.326243   -0.347121   -0.367239   
0.440150   0.437610   0.433902   0.429152   0.423471   0.416956   0.409691   0.401747   0.393179   0.384028   0.374312   0.364033   0.353181   0.341751   0.329758   0.317322   0.304192   0.290449   0.276194   0.261377   0.245847   0.229691   0.212924   0.195605   0.177628   0.158939   0.139639   0.119821   0.099333   0.078217   0.056523   0.034342   0.011638   -0.011667   -0.035427   -0.059676   -0.084341   -0.109464   -0.134980   -0.160819   -0.186928   -0.213307   -0.239839   -0.266497   -0.293089   -0.319489   -0.345599   -0.371221   -0.396160   -0.420258   -0.443374   -0.465400   
0.446788   0.445690   0.443294   0.439551   0.434609   0.428611   0.421670   0.413860   0.405220   0.395771   0.385554   0.374747   0.362990   0.350493   0.337429   0.323486   0.308760   0.293284   0.277079   0.260236   0.242466   0.223910   0.204664   0.184659   0.163802   0.142184   0.119815   0.096741   0.073067   0.048548   0.023362   -0.002445   -0.028877   -0.055972   -0.083648   -0.111839   -0.140497   -0.169644   -0.199248   -0.229266   -0.259538   -0.290047   -0.320739   -0.351419   -0.381899   -0.411981   -0.441454   -0.470110   -0.497768   -0.524280   -0.549529   -0.573448   
0.447165   0.448025   0.447552   0.445614   0.442201   0.437323   0.431140   0.423963   0.415422   0.405825   0.395417   0.383815   0.371216   0.357657   0.343189   0.327882   0.311445   0.294077   0.275930   0.256693   0.236497   0.215376   0.193329   0.170355   0.146587   0.121845   0.096129   0.069626   0.042260   0.014004   -0.015060   -0.044874   -0.075345   -0.106536   -0.138441   -0.171000   -0.204069   -0.237713   -0.271912   -0.306521   -0.341427   -0.376501   -0.411572   -0.446435   -0.480860   -0.514609   -0.547450   -0.579172   -0.609588   -0.638556   -0.665997   -0.691923   
0.442482   0.445435   0.447210   0.447825   0.446361   0.443129   0.438414   0.431815   0.423688   0.414146   0.403371   0.391297   0.377821   0.363147   0.347466   0.330408   0.312185   0.292827   0.272348   0.250742   0.228011   0.204352   0.179332   0.153206   0.126065   0.097815   0.068436   0.038040   0.006748   -0.025529   -0.058766   -0.092949   -0.127896   -0.163680   -0.200326   -0.237699   -0.275737   -0.314371   -0.353510   -0.393040   -0.432813   -0.472638   -0.512285   -0.551515   -0.590055   -0.627618   -0.663944   -0.698802   -0.732018   -0.763505   -0.793271   -0.821382   
0.433698   0.439070   0.443267   0.445930   0.446963   0.445843   0.442664   0.437379   0.429887   0.420548   0.409698   0.396976   0.382695   0.366922   0.349709   0.331096   0.311091   0.289714   0.267161   0.242968   0.217520   0.190702   0.162427   0.132838   0.101977   0.069973   0.036712   0.002144   -0.033529   -0.070245   -0.108193   -0.147183   -0.187151   -0.228042   -0.269798   -0.312359   -0.355657   -0.399593   -0.444040   -0.488844   -0.533816   -0.578708   -0.623230   -0.667074   -0.709899   -0.751389   -0.791278   -0.829340   -0.865461   -0.899636   -0.931924   -0.962428   
0.420797   0.428537   0.435329   0.440694   0.444036   0.445216   0.444141   0.440164   0.433721   0.424883   0.413865   0.400835   0.385919   0.369192   0.350840   0.330721   0.308735   0.285204   0.259974   0.232976   0.204362   0.174203   0.142630   0.109311   0.074468   0.038352   0.000615   -0.038544   -0.079036   -0.120805   -0.163796   -0.207953   -0.253215   -0.299519   -0.346797   -0.394972   -0.443946   -0.493610   -0.543813   -0.594331   -0.644890   -0.695163   -0.744811   -0.793456   -0.840711   -0.886257   -0.929816   -0.971210   -1.010417   -1.047493   -1.082546   -1.115723   
0.404632   0.414605   0.423804   0.431615   0.437647   0.441246   0.442129   0.440127   0.435097   0.427224   0.416619   0.403819   0.388286   0.370501   0.350716   0.328784   0.304680   0.278587   0.250681   0.220823   0.188901   0.155115   0.119715   0.082263   0.043067   0.002191   -0.040311   -0.084381   -0.129963   -0.176996   -0.225416   -0.275155   -0.326139   -0.378288   -0.431536   -0.485817   -0.540994   -0.596903   -0.653310   -0.709923   -0.766396   -0.822340   -0.877355   -0.930996   -0.982854   -1.032595   -1.079976   -1.124927   -1.167492   -1.207757   -1.245857   -1.281971   
0.385526   0.397246   0.408387   0.418770   0.427686   0.434216   0.437591   0.437783   0.435027   0.428300   0.418253   0.405385   0.389216   0.370357   0.348937   0.325207   0.299023   0.270308   0.239309   0.206245   0.170684   0.132967   0.093158   0.051317   0.007503   -0.038222   -0.085796   -0.135153   -0.186225   -0.238937   -0.293206   -0.348953   -0.406133   -0.464666   -0.524453   -0.585370   -0.647243   -0.709850   -0.772872   -0.835948   -0.898670   -0.960588   -1.021219   -1.080071   -1.136738   -1.190896   -1.242364   -1.291139   -1.337303   -1.380989   -1.422379   -1.461707   
0.364104   0.377651   0.390690   0.403183   0.414884   0.425035   0.431270   0.433720   0.432821   0.427459   0.418138   0.405039   0.388617   0.368887   0.345904   0.320145   0.291486   0.259894   0.225630   0.188771   0.149389   0.107553   0.063335   0.016805   -0.031967   -0.082907   -0.135941   -0.190984   -0.247945   -0.306758   -0.367380   -0.429699   -0.493635   -0.559079   -0.625921   -0.693976   -0.763023   -0.832771   -0.902827   -0.972761   -1.042089   -1.110307   -1.176858   -1.241202   -1.302906   -1.361681   -1.417458   -1.470295   -1.520314   -1.567695   -1.612672   -1.655528   
0.341103   0.356538   0.372115   0.386411   0.400163   0.413211   0.422327   0.427364   0.428006   0.424753   0.416397   0.403570   0.386852   0.365803   0.341112   0.312995   0.281599   0.247044   0.209432   0.168855   0.125403   0.079163   0.030220   -0.021341   -0.075434   -0.131962   -0.190825   -0.251980   -0.315355   -0.380835   -0.448331   -0.517744   -0.588957   -0.661831   -0.736233   -0.811939   -0.888668   -0.966024   -1.043568   -1.120804   -1.197159   -1.272012   -1.344730   -1.414764   -1.481701   -1.545345   -1.605707   -1.662888   -1.717056   -1.768440   -1.817325   -1.864052   
0.317387   0.334739   0.352165   0.368184   0.383600   0.398299   0.411003   0.418777   0.421726   0.420035   0.412768   0.400235   0.382705   0.360586   0.334251   0.303954   0.269886   0.232201   0.191028   0.146486   0.098687   0.047736   -0.006259   -0.063186   -0.122934   -0.185480   -0.250706   -0.318510   -0.388790   -0.461447   -0.536335   -0.613339   -0.692346   -0.773212   -0.855729   -0.939634   -1.024583   -1.110091   -1.195606   -1.280536   -1.364233   -1.445996   -1.525140   -1.601112   -1.673550   -1.742362   -1.807613   -1.869448   -1.928081   -1.983796   -2.036937   -2.087902   
0.292000   0.311445   0.330077   0.348688   0.365832   0.382258   0.397342   0.407830   0.413101   0.412687   0.406589   0.394648   0.376935   0.353824   0.325813   0.293240   0.256353   0.215347   0.170388   0.121623   0.069194   0.013246   -0.046097   -0.108816   -0.174748   -0.243798   -0.315860   -0.390806   -0.468481   -0.548786   -0.631590   -0.716762   -0.804140   -0.893586   -0.984846   -1.077550   -1.171228   -1.265323   -1.359216   -1.452232   -1.543628   -1.632615   -1.718477   -1.800670   -1.878923   -1.953227   -2.023692   -2.090509   -2.153946   -2.214343   -2.272110   -2.327707   
0.264513   0.286628   0.307375   0.327544   0.346769   0.364763   0.380984   0.393898   0.401674   0.403381   0.398576   0.387386   0.369583   0.345526   0.315796   0.280841   0.240979   0.196456   0.147485   0.094269   0.036965   -0.024391   -0.089589   -0.158529   -0.231096   -0.307126   -0.386459   -0.468996   -0.554604   -0.643121   -0.734413   -0.828369   -0.924785   -1.023420   -1.123950   -1.225941   -1.328837   -1.432001   -1.534728   -1.636249   -1.735717   -1.832264   -1.925154   -2.013889   -2.098300   -2.178440   -2.254462   -2.326611   -2.395210   -2.460663   -2.523452   -2.584103   
0.235962   0.260162   0.283043   0.304829   0.325527   0.345284   0.363215   0.378021   0.388245   0.392093   0.388847   0.378413   0.360622   0.335672   0.304182   0.266740   0.223753   0.175556   0.122396   0.064349   0.001699   -0.065434   -0.136911   -0.212518   -0.292095   -0.375528   -0.462676   -0.553346   -0.647441   -0.744806   -0.845240   -0.948555   -1.054537   -1.162905   -1.273265   -1.385091   -1.497735   -1.610474   -1.722510   -1.832967   -1.940889   -2.045346   -2.145600   -2.241232   -2.332166   -2.418503   -2.500447   -2.578296   -2.652436   -2.723342   -2.791576   -2.857737   
0.205526   0.231256   0.256231   0.280230   0.303002   0.324585   0.344275   0.360697   0.372885   0.378901   0.377365   0.367723   0.350047   0.324249   0.290970   0.250975   0.204786   0.152592   0.094814   0.031636   -0.036748   -0.110063   -0.188123   -0.270797   -0.357913   -0.449262   -0.544761   -0.644208   -0.747396   -0.854134   -0.964229   -1.077475   -1.193621   -1.312322   -1.433098   -1.555327   -1.678268   -1.801105   -1.922936   -2.042768   -2.159540   -2.272274   -2.380258   -2.483171   -2.581010   -2.673925   -2.762172   -2.846109   -2.926190   -3.002972   -3.077103   -3.149263   


#  Thrust coefficient

0.127635   0.128418   0.129251   0.130133   0.131063   0.132041   0.133064   0.134129   0.135234   0.136372   0.137532   0.138706   0.139876   0.141026   0.142133   0.143175   0.144127   0.144967   0.145671   0.146220   0.146596   0.146784   0.146774   0.146555   0.146120   0.145466   0.144590   0.143491   0.142174   0.140643   0.138905   0.136972   0.134852   0.132559   0.130105   0.127500   0.124758   0.121888   0.118900   0.115804   0.112607   0.109315   0.105937   0.102475   0.098936   0.095322   0.091636   0.087880   0.084058   0.080171   0.076222   0.072213   
0.170641   0.172337   0.174107   0.175940   0.177821   0.179727   0.181630   0.183496   0.185287   0.186964   0.188488   0.189819   0.190923   0.191770   0.192333   0.192591   0.192525   0.192124   0.191379   0.190290   0.188859   0.187097   0.185017   0.182638   0.179979   0.177061   0.173906   0.170533   0.166963   0.163214   0.159301   0.155239   0.151042   0.146722   0.142288   0.137749   0.133110   0.128376   0.123551   0.118639   0.113642   0.108561   0.103398   0.098158   0.092843   0.087458   0.082006   0.076492   0.070921   0.065300   0.059635   0.053930   
0.227020   0.229867   0.232663   0.235348   0.237861   0.240137   0.242119   0.243754   0.244996   0.245804   0.246145   0.245994   0.245340   0.244179   0.242518   0.240377   0.237780   0.234760   0.231348   0.227580   0.223490   0.219108   0.214465   0.209586   0.204497   0.199223   0.193783   0.188193   0.182467   0.176615   0.170646   0.164566   0.158379   0.152089   0.145696   0.139204   0.132617   0.125938   0.119169   0.112312   0.105374   0.098359   0.091273   0.084121   0.076909   0.069643   0.062328   0.054968   0.047571   0.040145   0.032709   0.025286   
0.296686   0.299800   0.302471   0.304625   0.306195   0.307123   0.307372   0.306918   0.305756   0.303898   0.301372   0.298221   0.294494   0.290243   0.285518   0.280367   0.274835   0.268966   0.262799   0.256372   0.249717   0.242860   0.235826   0.228634   0.221298   0.213828   0.206233   0.198518   0.190686   0.182741   0.174686   0.166521   0.158250   0.149875   0.141399   0.132824   0.124156   0.115401   0.106563   0.097647   0.088658   0.079600   0.070481   0.061311   0.052109   0.042907   0.033689   0.024434   0.015180   0.005955   -0.003247   -0.012386   
0.374062   0.375514   0.376056   0.375661   0.374321   0.372061   0.368929   0.364991   0.360322   0.354992   0.349071   0.342623   0.335711   0.328393   0.320720   0.312741   0.304496   0.296019   0.287341   0.278484   0.269470   0.260314   0.251026   0.241612   0.232072   0.222410   0.212626   0.202720   0.192695   0.182551   0.172292   0.161921   0.151442   0.140859   0.130174   0.119391   0.108511   0.097543   0.086505   0.075433   0.064323   0.053128   0.041890   0.030655   0.019407   0.008175   -0.003048   -0.014230   -0.025330   -0.036312   -0.047176   -0.057883   
0.450775   0.448644   0.445382   0.441074   0.435823   0.429726   0.422876   0.415355   0.407245   0.398619   0.389545   0.380082   0.370286   0.360202   0.349872   0.339334   0.328618   0.317745   0.306730   0.295578   0.284292   0.272870   0.261313   0.249620   0.237794   0.225836   0.213751   0.201540   0.189204   0.176742   0.164151   0.151431   0.138591   0.125654   0.112670   0.099563   0.086328   0.073045   0.059720   0.046352   0.032932   0.019493   0.006075   -0.007282   -0.020586   -0.033817   -0.046970   -0.059993   -0.072794   -0.085384   -0.097777   -0.109895   
0.520419   0.514093   0.506792   0.498624   0.489687   0.480068   0.469851   0.459116   0.447935   0.436378   0.424501   0.412356   0.399983   0.387415   0.374678   0.361784   0.348738   0.335542   0.322197   0.308703   0.295064   0.281284   0.267364   0.253302   0.239095   0.224734   0.210215   0.195543   0.180741   0.165874   0.150800   0.135559   0.120240   0.104830   0.089295   0.073650   0.057947   0.042229   0.026527   0.010822   -0.004886   -0.020562   -0.036143   -0.051589   -0.066928   -0.082163   -0.097246   -0.112072   -0.126640   -0.140845   -0.154603   -0.167873   
0.581802   0.571786   0.560960   0.549425   0.537277   0.524603   0.511480   0.497975   0.484143   0.470029   0.455671   0.441103   0.426348   0.411420   0.396325   0.381066   0.365649   0.350076   0.334346   0.318456   0.302395   0.286154   0.269732   0.253146   0.236485   0.219576   0.202435   0.185171   0.167788   0.150177   0.132395   0.114488   0.096506   0.078480   0.060364   0.042164   0.023958   0.005813   -0.012330   -0.030421   -0.048441   -0.066428   -0.084288   -0.101988   -0.119507   -0.136741   -0.153689   -0.170244   -0.186286   -0.201754   -0.216557   -0.230571   
0.636104   0.623108   0.609436   0.595172   0.580391   0.565159   0.549535   0.533576   0.517332   0.500844   0.484143   0.467247   0.450162   0.432894   0.415443   0.397804   0.379964   0.361915   0.343666   0.325266   0.306750   0.287866   0.268791   0.249629   0.230149   0.210421   0.190495   0.170414   0.150239   0.129854   0.109290   0.088646   0.068004   0.047241   0.026414   0.005641   -0.015116   -0.035910   -0.056609   -0.077240   -0.097742   -0.118096   -0.138272   -0.158173   -0.177708   -0.196870   -0.215508   -0.233553   -0.250876   -0.267328   -0.282846   -0.297377   
0.685063   0.669838   0.653902   0.637361   0.620306   0.602816   0.584955   0.566776   0.548319   0.529610   0.510664   0.491481   0.472048   0.452362   0.432443   0.412469   0.392090   0.371411   0.350580   0.329553   0.308131   0.286447   0.264529   0.242464   0.220143   0.197502   0.174668   0.151759   0.128616   0.105294   0.081861   0.058425   0.034949   0.011340   -0.012234   -0.035809   -0.059309   -0.082778   -0.106145   -0.129340   -0.152309   -0.175059   -0.197477   -0.219545   -0.241096   -0.262027   -0.282265   -0.301653   -0.320034   -0.337288   -0.353316   -0.368042   
0.729543   0.712618   0.695018   0.676710   0.657798   0.638386   0.618548   0.598334   0.577760   0.556832   0.535590   0.514294   0.492392   0.470177   0.447892   0.425118   0.401988   0.378555   0.354856   0.331021   0.306696   0.282060   0.257232   0.232156   0.206725   0.181060   0.155192   0.129182   0.103162   0.076845   0.050442   0.024010   -0.002459   -0.029002   -0.055526   -0.081961   -0.108257   -0.134440   -0.160473   -0.186318   -0.211830   -0.236996   -0.261780   -0.286013   -0.309541   -0.332207   -0.353846   -0.374297   -0.393433   -0.411155   -0.427391   -0.442105   
0.770825   0.752380   0.733400   0.713752   0.693397   0.672329   0.650665   0.628795   0.606058   0.582871   0.559559   0.535547   0.511106   0.486280   0.461132   0.435765   0.409791   0.383462   0.356967   0.329948   0.302558   0.274854   0.246855   0.218577   0.190188   0.161484   0.132469   0.103369   0.074099   0.044634   0.015073   -0.014516   -0.044034   -0.073547   -0.103041   -0.132459   -0.161664   -0.190720   -0.219614   -0.248211   -0.276417   -0.304120   -0.331183   -0.357442   -0.382720   -0.406838   -0.429626   -0.450938   -0.470650   -0.488673   -0.504965   -0.519554   
0.810067   0.789991   0.769626   0.749197   0.727487   0.704940   0.681948   0.657831   0.633015   0.607587   0.581740   0.555370   0.528287   0.500740   0.472959   0.444473   0.415537   0.386189   0.356455   0.326343   0.295870   0.265287   0.234075   0.202555   0.170843   0.138831   0.106510   0.074016   0.041483   0.008825   -0.023927   -0.056754   -0.089479   -0.122171   -0.154857   -0.187410   -0.219773   -0.251883   -0.283662   -0.315011   -0.345811   -0.375907   -0.405127   -0.433294   -0.460208   -0.485660   -0.509468   -0.531479   -0.551584   -0.569742   -0.585979   -0.600364   
0.848447   0.826770   0.804990   0.782676   0.759809   0.735946   0.711237   0.685542   0.658665   0.630973   0.602826   0.573680   0.543897   0.513533   0.482631   0.451227   0.419336   0.386987   0.354426   0.321080   0.287429   0.253346   0.218736   0.183779   0.148540   0.113163   0.077535   0.041615   0.005611   -0.030407   -0.066632   -0.102875   -0.139073   -0.175172   -0.211121   -0.246867   -0.282347   -0.317479   -0.352156   -0.386256   -0.419637   -0.452117   -0.483480   -0.513503   -0.541940   -0.568572   -0.593225   -0.615759   -0.636116   -0.654317   -0.670426   -0.684537   
0.885802   0.861998   0.838521   0.814910   0.790536   0.765301   0.739271   0.711610   0.682807   0.652907   0.622058   0.590379   0.557963   0.524867   0.491307   0.457078   0.422038   0.386582   0.350519   0.313767   0.276525   0.238886   0.201003   0.162529   0.123715   0.084821   0.045502   0.005957   -0.033720   -0.073471   -0.113241   -0.152976   -0.192620   -0.232116   -0.271403   -0.310416   -0.349072   -0.387288   -0.424950   -0.461887   -0.497895   -0.532738   -0.566173   -0.597932   -0.627750   -0.655417   -0.680761   -0.703684   -0.724201   -0.742378   -0.758316   -0.772135   
0.922854   0.896840   0.871270   0.845611   0.819710   0.792975   0.765075   0.735879   0.705290   0.673429   0.640368   0.606677   0.571568   0.535567   0.498952   0.461502   0.423160   0.384149   0.344673   0.304581   0.263762   0.222447   0.180902   0.138677   0.096095   0.053228   0.010135   -0.033123   -0.076490   -0.119906   -0.163311   -0.206641   -0.249830   -0.292808   -0.335525   -0.377934   -0.419925   -0.461370   -0.502095   -0.541885   -0.580492   -0.617642   -0.653059   -0.686438   -0.717511   -0.746072   -0.771987   -0.795241   -0.815896   -0.834038   -0.849779   -0.863262   
0.959627   0.930664   0.902371   0.874695   0.847192   0.819115   0.789754   0.759053   0.727411   0.693597   0.658291   0.622031   0.584078   0.545061   0.505092   0.464429   0.422885   0.380365   0.337145   0.293462   0.248852   0.203684   0.158032   0.111963   0.065543   0.018837   -0.028092   -0.075178   -0.122355   -0.169552   -0.216692   -0.263708   -0.310570   -0.357215   -0.403563   -0.449519   -0.494949   -0.539687   -0.583499   -0.626131   -0.667303   -0.706706   -0.744018   -0.778916   -0.811152   -0.840540   -0.866991   -0.890541   -0.911274   -0.929306   -0.944782   -0.957875   
0.996250   0.964398   0.933371   0.903214   0.873847   0.845026   0.814265   0.781904   0.748475   0.712681   0.675106   0.635869   0.595380   0.553537   0.510322   0.466233   0.421105   0.374873   0.327813   0.280008   0.231537   0.182476   0.132902   0.082887   0.032506   -0.018169   -0.069061   -0.120092   -0.171174   -0.222254   -0.273302   -0.324225   -0.374960   -0.425421   -0.475525   -0.525129   -0.574068   -0.622134   -0.669053   -0.714530   -0.758245   -0.799869   -0.839038   -0.875412   -0.908733   -0.938848   -0.965753   -0.989524   -1.010273   -1.028144   -1.043311   -1.055979   
1.033554   0.998672   0.965568   0.932604   0.900708   0.870103   0.837738   0.803730   0.767881   0.730728   0.690977   0.649240   0.606072   0.560856   0.514224   0.466356   0.417376   0.367389   0.316492   0.264778   0.212339   0.159263   0.105636   0.051544   -0.002926   -0.057680   -0.112623   -0.167725   -0.222926   -0.278128   -0.333261   -0.388246   -0.442989   -0.497386   -0.551335   -0.604675   -0.657204   -0.708649   -0.758716   -0.807083   -0.853373   -0.897186   -0.938122   -0.975851   -1.010142   -1.040915   -1.068221   -1.092165   -1.112885   -1.130554   -1.145379   -1.157592   
1.072595   1.034495   0.998256   0.962231   0.927393   0.893707   0.860326   0.824651   0.787010   0.747748   0.705774   0.661439   0.614914   0.566494   0.516462   0.465015   0.412307   0.358470   0.303622   0.247877   0.191341   0.134120   0.076318   0.018046   -0.040590   -0.099582   -0.158824   -0.218229   -0.277712   -0.337195   -0.396557   -0.455710   -0.514572   -0.573037   -0.630954   -0.688140   -0.744363   -0.799294   -0.852571   -0.903814   -0.952613   -0.998527   -1.041141   -1.080137   -1.115333   -1.146720   -1.174387   -1.198464   -1.219117   -1.236551   -1.251003   -1.262738   
1.112324   1.070906   1.030537   0.992163   0.954302   0.917783   0.882167   0.844632   0.805042   0.763115   0.718833   0.672028   0.622704   0.571112   0.517631   0.462523   0.405986   0.348185   0.289266   0.229367   0.168620   0.107167   0.045119   -0.017518   -0.080595   -0.144031   -0.207738   -0.271608   -0.335512   -0.399373   -0.463094   -0.526577   -0.589707   -0.652390   -0.714448   -0.775626   -0.835607   -0.894028   -0.950497   -1.004594   -1.055860   -1.103814   -1.148036   -1.188234   -1.224292   -1.256259   -1.284252   -1.308426   -1.328979   -1.346147   -1.360203   -1.371441   
1.152096   1.107903   1.064202   1.022130   0.981425   0.941788   0.902732   0.862992   0.821444   0.777519   0.730918   0.681674   0.629556   0.574780   0.517789   0.458932   0.398465   0.336592   0.273500   0.209378   0.144362   0.078466   0.011885   -0.055300   -0.122991   -0.191044   -0.259326   -0.327760   -0.396243   -0.464654   -0.532896   -0.600895   -0.668506   -0.735559   -0.801831   -0.867033   -0.930805   -0.992745   -1.052419   -1.109360   -1.163058   -1.213000   -1.258772   -1.300125   -1.337015   -1.369533   -1.397820   -1.422061   -1.442485   -1.459361   -1.473000   -1.483733   
1.192461   1.145322   1.098255   1.052343   1.007885   0.965079   0.923087   0.880721   0.837058   0.791028   0.742172   0.690399   0.635492   0.577531   0.516977   0.454296   0.389816   0.323822   0.256523   0.187955   0.118374   0.047877   -0.023419   -0.095329   -0.167713   -0.240485   -0.313533   -0.386707   -0.459938   -0.533120   -0.606101   -0.678750   -0.750920   -0.822420   -0.892987   -0.962283   -1.029901   -1.095398   -1.158295   -1.218072   -1.274170   -1.326053   -1.373327   -1.415803   -1.453503   -1.486545   -1.515098   -1.539379   -1.559648   -1.576211   -1.589423   -1.599649   
1.231922   1.181716   1.131680   1.082430   1.034622   0.988537   0.943465   0.898162   0.851970   0.803729   0.752613   0.698234   0.640550   0.579407   0.515261   0.448736   0.380256   0.309926   0.238115   0.164964   0.090630   0.015355   -0.060706   -0.137451   -0.214740   -0.292407   -0.370400   -0.448564   -0.526744   -0.604805   -0.682609   -0.760018   -0.836864   -0.912919   -0.987874   -1.061338   -1.132861   -1.201954   -1.268090   -1.330697   -1.389163   -1.442947   -1.491689   -1.535269   -1.573757   -1.607301   -1.636097   -1.660393   -1.680484   -1.696720   -1.709500   -1.719231   


# Torque coefficient

0.019655   0.020577   0.021506   0.022441   0.023382   0.024329   0.025283   0.026243   0.027206   0.028172   0.029136   0.030095   0.031043   0.031972   0.032875   0.033743   0.034569   0.035343   0.036057   0.036705   0.037280   0.037777   0.038193   0.038523   0.038767   0.038922   0.038988   0.038965   0.038856   0.038661   0.038386   0.038033   0.037608   0.037114   0.036558   0.035942   0.035273   0.034555   0.033790   0.032982   0.032135   0.031251   0.030332   0.029380   0.028397   0.027383   0.026340   0.025268   0.024167   0.023040   0.021885   0.020703   
0.027158   0.028370   0.029590   0.030815   0.032041   0.033259   0.034462   0.035639   0.036778   0.037867   0.038895   0.039849   0.040720   0.041498   0.042175   0.042746   0.043204   0.043546   0.043772   0.043879   0.043871   0.043751   0.043525   0.043198   0.042777   0.042270   0.041683   0.041024   0.040299   0.039515   0.038675   0.037786   0.036852   0.035876   0.034861   0.033811   0.032725   0.031607   0.030457   0.029275   0.028063   0.026821   0.025548   0.024245   0.022913   0.021553   0.020166   0.018751   0.017311   0.015846   0.014358   0.012848   
0.035945   0.037434   0.038889   0.040296   0.041637   0.042896   0.044059   0.045112   0.046043   0.046842   0.047499   0.048010   0.048371   0.048583   0.048649   0.048573   0.048366   0.048035   0.047590   0.047042   0.046401   0.045674   0.044872   0.044000   0.043067   0.042079   0.041042   0.039960   0.038838   0.037677   0.036480   0.035249   0.033985   0.032688   0.031357   0.029995   0.028600   0.027173   0.025714   0.024224   0.022703   0.021151   0.019570   0.017961   0.016323   0.014659   0.012967   0.011250   0.009508   0.007742   0.005957   0.004156   
0.045277   0.046761   0.048120   0.049336   0.050395   0.051283   0.051993   0.052521   0.052865   0.053031   0.053027   0.052862   0.052551   0.052106   0.051540   0.050864   0.050090   0.049229   0.048290   0.047282   0.046213   0.045090   0.043919   0.042705   0.041451   0.040161   0.038834   0.037473   0.036077   0.034648   0.033184   0.031686   0.030154   0.028587   0.026986   0.025350   0.023680   0.021976   0.020239   0.018469   0.016665   0.014829   0.012961   0.011062   0.009135   0.007186   0.005212   0.003210   0.001186   -0.000855   -0.002913   -0.004980   
0.053508   0.054596   0.055474   0.056137   0.056586   0.056827   0.056872   0.056734   0.056432   0.055980   0.055392   0.054683   0.053867   0.052954   0.051956   0.050884   0.049747   0.048552   0.047306   0.046014   0.044682   0.043312   0.041906   0.040464   0.038986   0.037473   0.035923   0.034336   0.032711   0.031049   0.029349   0.027611   0.025835   0.024021   0.022167   0.020273   0.018340   0.016366   0.014356   0.012314   0.010238   0.008122   0.005972   0.003797   0.001592   -0.000638   -0.002893   -0.005168   -0.007456   -0.009750   -0.012052   -0.014353   
0.059167   0.059627   0.059861   0.059886   0.059721   0.059384   0.058892   0.058261   0.057505   0.056638   0.055672   0.054619   0.053489   0.052292   0.051037   0.049729   0.048377   0.046983   0.045550   0.044080   0.042571   0.041023   0.039436   0.037808   0.036140   0.034431   0.032681   0.030889   0.029053   0.027174   0.025248   0.023275   0.021255   0.019191   0.017089   0.014937   0.012736   0.010495   0.008216   0.005898   0.003539   0.001144   -0.001280   -0.003729   -0.006203   -0.008700   -0.011219   -0.013751   -0.016279   -0.018806   -0.021331   -0.023840   
0.061842   0.061771   0.061519   0.061104   0.060541   0.059844   0.059026   0.058100   0.057079   0.055975   0.054796   0.053554   0.052254   0.050903   0.049507   0.048066   0.046583   0.045057   0.043488   0.041875   0.040217   0.038515   0.036767   0.034973   0.033131   0.031237   0.029291   0.027291   0.025241   0.023146   0.020988   0.018772   0.016508   0.014195   0.011826   0.009403   0.006933   0.004422   0.001873   -0.000718   -0.003350   -0.006018   -0.008712   -0.011428   -0.014169   -0.016934   -0.019716   -0.022497   -0.025276   -0.028034   -0.030757   -0.033433   
0.062188   0.061831   0.061325   0.060682   0.059916   0.059041   0.058067   0.057005   0.055865   0.054654   0.053379   0.052047   0.050663   0.049228   0.047744   0.046211   0.044628   0.042995   0.041311   0.039574   0.037783   0.035934   0.034026   0.032062   0.030048   0.027964   0.025813   0.023606   0.021340   0.019004   0.016601   0.014137   0.011618   0.009047   0.006416   0.003727   0.000990   -0.001787   -0.004612   -0.007479   -0.010385   -0.013335   -0.016314   -0.019319   -0.022344   -0.025374   -0.028408   -0.031428   -0.034413   -0.037352   -0.040226   -0.043014   
0.060994   0.060563   0.059994   0.059297   0.058485   0.057567   0.056555   0.055458   0.054284   0.053042   0.051736   0.050369   0.048943   0.047458   0.045913   0.044308   0.042639   0.040905   0.039106   0.037246   0.035328   0.033325   0.031256   0.029129   0.026918   0.024629   0.022268   0.019836   0.017341   0.014766   0.012117   0.009403   0.006636   0.003797   0.000893   -0.002060   -0.005068   -0.008137   -0.011249   -0.014409   -0.017608   -0.020843   -0.024109   -0.027393   -0.030680   -0.033968   -0.037233   -0.040462   -0.043633   -0.046720   -0.049710   -0.052591   
0.058830   0.058491   0.057995   0.057360   0.056601   0.055730   0.054759   0.053697   0.052552   0.051329   0.050030   0.048656   0.047206   0.045678   0.044075   0.042413   0.040658   0.038821   0.036916   0.034935   0.032860   0.030700   0.028459   0.026144   0.023742   0.021244   0.018664   0.016015   0.013277   0.010454   0.007555   0.004590   0.001555   -0.001559   -0.004735   -0.007976   -0.011273   -0.014631   -0.018041   -0.021495   -0.024985   -0.028510   -0.032057   -0.035620   -0.039174   -0.042703   -0.046192   -0.049617   -0.052950   -0.056171   -0.059261   -0.062205   
0.055985   0.055847   0.055547   0.055078   0.054459   0.053707   0.052837   0.051859   0.050776   0.049592   0.048312   0.046958   0.045485   0.043919   0.042282   0.040534   0.038689   0.036750   0.034719   0.032609   0.030382   0.028057   0.025645   0.023139   0.020525   0.017816   0.015013   0.012122   0.009156   0.006083   0.002927   -0.000306   -0.003618   -0.007014   -0.010482   -0.014014   -0.017605   -0.021257   -0.024967   -0.028728   -0.032521   -0.036344   -0.040190   -0.044035   -0.047854   -0.051623   -0.055316   -0.058907   -0.062373   -0.065695   -0.068859   -0.071856   
0.052736   0.052838   0.052782   0.052553   0.052151   0.051575   0.050846   0.050000   0.048992   0.047861   0.046633   0.045265   0.043779   0.042180   0.040474   0.038669   0.036730   0.034682   0.032542   0.030273   0.027891   0.025400   0.022800   0.020091   0.017288   0.014370   0.011337   0.008211   0.004984   0.001652   -0.001776   -0.005292   -0.008886   -0.012564   -0.016327   -0.020167   -0.024067   -0.028035   -0.032068   -0.036149   -0.040266   -0.044402   -0.048538   -0.052650   -0.056710   -0.060690   -0.064563   -0.068304   -0.071891   -0.075308   -0.078544   -0.081601   
0.049285   0.049614   0.049811   0.049880   0.049717   0.049357   0.048832   0.048097   0.047191   0.046129   0.044928   0.043584   0.042083   0.040448   0.038702   0.036802   0.034772   0.032616   0.030335   0.027928   0.025396   0.022761   0.019974   0.017064   0.014041   0.010895   0.007623   0.004237   0.000752   -0.002843   -0.006546   -0.010353   -0.014245   -0.018231   -0.022313   -0.026475   -0.030712   -0.035015   -0.039375   -0.043778   -0.048208   -0.052644   -0.057060   -0.061429   -0.065722   -0.069906   -0.073952   -0.077834   -0.081534   -0.085041   -0.088356   -0.091488   
0.045764   0.046331   0.046774   0.047055   0.047164   0.047045   0.046710   0.046152   0.045362   0.044376   0.043231   0.041889   0.040382   0.038718   0.036901   0.034937   0.032826   0.030571   0.028191   0.025638   0.022953   0.020123   0.017139   0.014017   0.010761   0.007384   0.003874   0.000226   -0.003538   -0.007412   -0.011417   -0.015531   -0.019748   -0.024063   -0.028469   -0.032960   -0.037529   -0.042165   -0.046855   -0.051583   -0.056328   -0.061065   -0.065763   -0.070390   -0.074909   -0.079287   -0.083496   -0.087512   -0.091324   -0.094930   -0.098337   -0.101556   
0.042182   0.042958   0.043639   0.044177   0.044512   0.044630   0.044523   0.044124   0.043478   0.042592   0.041488   0.040181   0.038686   0.037009   0.035170   0.033153   0.030949   0.028590   0.026061   0.023354   0.020486   0.017463   0.014298   0.010958   0.007465   0.003845   0.000062   -0.003864   -0.007923   -0.012110   -0.016420   -0.020846   -0.025383   -0.030025   -0.034764   -0.039594   -0.044503   -0.049482   -0.054514   -0.059578   -0.064646   -0.069686   -0.074663   -0.079539   -0.084276   -0.088842   -0.093209   -0.097358   -0.101288   -0.105005   -0.108519   -0.111845   
0.038630   0.039583   0.040461   0.041207   0.041782   0.042126   0.042210   0.042019   0.041539   0.040787   0.039775   0.038553   0.037070   0.035372   0.033483   0.031389   0.029088   0.026597   0.023933   0.021082   0.018035   0.014809   0.011429   0.007854   0.004112   0.000209   -0.003848   -0.008056   -0.012408   -0.016898   -0.021521   -0.026269   -0.031137   -0.036115   -0.041199   -0.046381   -0.051649   -0.056987   -0.062372   -0.067777   -0.073168   -0.078509   -0.083762   -0.088883   -0.093834   -0.098582   -0.103106   -0.107398   -0.111461   -0.115305   -0.118943   -0.122391   
0.035133   0.036201   0.037217   0.038163   0.038976   0.039571   0.039878   0.039896   0.039644   0.039031   0.038116   0.036943   0.035470   0.033751   0.031799   0.029636   0.027250   0.024633   0.021808   0.018795   0.015555   0.012117   0.008490   0.004677   0.000684   -0.003483   -0.007819   -0.012317   -0.016971   -0.021775   -0.026720   -0.031801   -0.037011   -0.042346   -0.047794   -0.053345   -0.058984   -0.064689   -0.070433   -0.076181   -0.081897   -0.087539   -0.093065   -0.098428   -0.103592   -0.108528   -0.113218   -0.117663   -0.121870   -0.125851   -0.129623   -0.133207   
0.031739   0.032919   0.034056   0.035145   0.036165   0.037050   0.037593   0.037807   0.037729   0.037261   0.036449   0.035307   0.033875   0.032155   0.030152   0.027907   0.025409   0.022655   0.019668   0.016455   0.013022   0.009375   0.005521   0.001465   -0.002787   -0.007227   -0.011850   -0.016648   -0.021613   -0.026740   -0.032024   -0.037456   -0.043030   -0.048734   -0.054561   -0.060493   -0.066512   -0.072592   -0.078698   -0.084794   -0.090838   -0.096784   -0.102585   -0.108194   -0.113573   -0.118696   -0.123558   -0.128164   -0.132524   -0.136654   -0.140575   -0.144311   
0.028495   0.029784   0.031085   0.032280   0.033428   0.034518   0.035280   0.035701   0.035754   0.035482   0.034785   0.033713   0.032316   0.030558   0.028495   0.026147   0.023524   0.020637   0.017495   0.014106   0.010476   0.006613   0.002524   -0.001783   -0.006301   -0.011024   -0.015941   -0.021050   -0.026344   -0.031814   -0.037452   -0.043251   -0.049200   -0.055287   -0.061503   -0.067827   -0.074237   -0.080699   -0.087176   -0.093628   -0.100007   -0.106260   -0.112334   -0.118185   -0.123777   -0.129093   -0.134136   -0.138912   -0.143437   -0.147730   -0.151814   -0.155717   
0.025453   0.026845   0.028242   0.029527   0.030763   0.031942   0.032961   0.033584   0.033821   0.033685   0.033102   0.032097   0.030691   0.028917   0.026805   0.024376   0.021644   0.018621   0.015320   0.011748   0.007914   0.003828   -0.000502   -0.005067   -0.009859   -0.014875   -0.020105   -0.025543   -0.031179   -0.037006   -0.043012   -0.049187   -0.055523   -0.062008   -0.068626   -0.075354   -0.082167   -0.089024   -0.095882   -0.102693   -0.109405   -0.115962   -0.122309   -0.128402   -0.134211   -0.139729   -0.144962   -0.149921   -0.154623   -0.159091   -0.163353   -0.167440   
0.022516   0.024016   0.025453   0.026888   0.028210   0.029476   0.030639   0.031448   0.031855   0.031823   0.031352   0.030432   0.029066   0.027284   0.025124   0.022612   0.019768   0.016606   0.013139   0.009378   0.005336   0.001021   -0.003555   -0.008391   -0.013475   -0.018799   -0.024356   -0.030135   -0.036125   -0.042317   -0.048702   -0.055270   -0.062008   -0.068905   -0.075942   -0.083091   -0.090315   -0.097570   -0.104810   -0.111983   -0.119031   -0.125892   -0.132513   -0.138851   -0.144885   -0.150615   -0.156049   -0.161201   -0.166093   -0.170750   -0.175205   -0.179492   
0.019641   0.021284   0.022824   0.024322   0.025749   0.027085   0.028290   0.029249   0.029826   0.029953   0.029596   0.028765   0.027443   0.025657   0.023449   0.020854   0.017894   0.014588   0.010951   0.007000   0.002745   -0.001811   -0.006652   -0.011772   -0.017160   -0.022806   -0.028697   -0.034825   -0.041182   -0.047755   -0.054534   -0.061510   -0.068670   -0.075994   -0.083459   -0.091032   -0.098673   -0.106333   -0.113961   -0.121500   -0.128886   -0.136055   -0.142952   -0.149541   -0.155809   -0.161760   -0.167405   -0.172762   -0.177856   -0.182716   -0.187379   -0.191882   
0.016896   0.018628   0.020267   0.021827   0.023309   0.024723   0.026007   0.027067   0.027799   0.028075   0.027843   0.027095   0.025822   0.024035   0.021780   0.019099   0.016021   0.012570   0.008764   0.004608   0.000122   -0.004685   -0.009803   -0.015217   -0.020915   -0.026889   -0.033129   -0.039621   -0.046359   -0.053330   -0.060522   -0.067919   -0.075508   -0.083267   -0.091170   -0.099177   -0.107242   -0.115315   -0.123337   -0.131246   -0.138973   -0.146453   -0.153631   -0.160479   -0.166990   -0.173172   -0.179039   -0.184614   -0.189922   -0.194999   -0.199885   -0.204623   
0.014209   0.015988   0.017714   0.019373   0.020948   0.022440   0.023801   0.024936   0.025779   0.026195   0.026089   0.025422   0.024200   0.022417   0.020116   0.017351   0.014158   0.010549   0.006555   0.002187   -0.002541   -0.007609   -0.013006   -0.018721   -0.024744   -0.031059   -0.037661   -0.044537   -0.051670   -0.059050   -0.066661   -0.074490   -0.082520   -0.090726   -0.099076   -0.107526   -0.116025   -0.124517   -0.132940   -0.141225   -0.149297   -0.157091   -0.164557   -0.171671   -0.178435   -0.184859   -0.190960   -0.196763   -0.202299   -0.207607   -0.212732   -0.217721   

