# ----- Rotor performance tables for the DTU_10MW_RWT wind turbine ----- 
# ------------ Written on Aug-05-20 using the ROSCO toolbox ------------ 

# Pitch angle vector, 52 entries - x axis (matrix columns) (deg)
-1.0   -0.5   0.0   0.5   1.0   1.5   2.0   2.5   3.0   3.5   4.0   4.5   5.0   5.5   6.0   6.5   7.0   7.5   8.0   8.5   9.0   9.5   10.0   10.5   11.0   11.5   12.0   12.5   13.0   13.5   14.0   14.5   15.0   15.5   16.0   16.5   17.0   17.5   18.0   18.5   19.0   19.5   20.0   20.5   21.0   21.5   22.0   22.5   23.0   23.5   24.0   24.5   
# TSR vector, 24 entries - y axis (matrix rows) (-)
3.0    3.5    4.0    4.5    5.0    5.5    6.0    6.5    7.0    7.5    8.0    8.5    9.0    9.5    10.0    10.5    11.0    11.5    12.0    12.5    13.0    13.5    14.0    14.5    
# Wind speed vector - z axis (m/s)
11.4    

# Power coefficient

0.105747   0.110621   0.115458   0.120242   0.124958   0.129588   0.134116   0.138520   0.142778   0.146863   0.150747   0.154398   0.157784   0.160874   0.163642   0.166068   0.168135   0.169831   0.171148   0.172080   0.172627   0.172790   0.172578   0.172001   0.171073   0.169810   0.168230   0.166352   0.164193   0.161773   0.159108   0.156215   0.153111   0.149811   0.146326   0.142668   0.138846   0.134867   0.130735   0.126455   0.122030   0.117464   0.112760   0.107921   0.102950   0.097849   0.092622   0.087271   0.081799   0.076212   0.070515   0.064713   
0.169705   0.175977   0.182021   0.187794   0.193250   0.198337   0.203006   0.207213   0.210924   0.214116   0.216772   0.218883   0.220443   0.221454   0.221927   0.221874   0.221318   0.220281   0.218790   0.216872   0.214554   0.211861   0.208820   0.205455   0.201789   0.197844   0.193638   0.189190   0.184514   0.179622   0.174524   0.169227   0.163737   0.158059   0.152198   0.146155   0.139931   0.133528   0.126948   0.120194   0.113269   0.106177   0.098923   0.091514   0.083956   0.076258   0.068430   0.060485   0.052435   0.044297   0.036086   0.027821   
0.243887   0.250127   0.255700   0.260562   0.264687   0.268064   0.270694   0.272588   0.273765   0.274253   0.274079   0.273276   0.271878   0.269920   0.267440   0.264470   0.261047   0.257199   0.252956   0.248345   0.243389   0.238112   0.232532   0.226668   0.220533   0.214138   0.207491   0.200599   0.193466   0.186095   0.178490   0.170653   0.162587   0.154292   0.145768   0.137021   0.128056   0.118879   0.109497   0.099919   0.090154   0.080215   0.070117   0.059876   0.049512   0.039045   0.028497   0.017892   0.007253   -0.003395   -0.014029   -0.024624   
0.316002   0.319988   0.323044   0.325206   0.326515   0.327008   0.326724   0.325704   0.323992   0.321629   0.318657   0.315113   0.311033   0.306450   0.301395   0.295895   0.289979   0.283672   0.276995   0.269968   0.262605   0.254917   0.246910   0.238589   0.229959   0.221025   0.211789   0.202257   0.192431   0.182317   0.171919   0.161238   0.150278   0.139047   0.127554   0.115808   0.103820   0.091605   0.079178   0.066561   0.053775   0.040844   0.027795   0.014655   0.001454   -0.011781   -0.025019   -0.038234   -0.051397   -0.064480   -0.077455   -0.090297   
0.374878   0.376173   0.376578   0.376138   0.374899   0.372903   0.370187   0.366788   0.362742   0.358080   0.352837   0.347043   0.340726   0.333913   0.326630   0.318899   0.310738   0.302162   0.293179   0.283794   0.274012   0.263838   0.253277   0.242332   0.231013   0.219324   0.207274   0.194867   0.182113   0.169016   0.155578   0.141810   0.127723   0.113329   0.098643   0.083684   0.068475   0.053042   0.037411   0.021613   0.005679   -0.010358   -0.026464   -0.042604   -0.058742   -0.074842   -0.090869   -0.106788   -0.122566   -0.138169   -0.153570   -0.168740   
0.418230   0.417773   0.416462   0.414328   0.411402   0.407715   0.403297   0.398178   0.392386   0.385948   0.378892   0.371244   0.363030   0.354271   0.344982   0.335171   0.324846   0.314013   0.302681   0.290856   0.278547   0.265761   0.252507   0.238793   0.224629   0.210023   0.194983   0.179519   0.163636   0.147338   0.130637   0.113549   0.096091   0.078286   0.060159   0.041741   0.023063   0.004161   -0.014928   -0.034163   -0.053501   -0.072898   -0.092310   -0.111690   -0.130992   -0.150169   -0.169176   -0.187970   -0.206516   -0.224777   -0.242721   -0.260315   
0.447193   0.446318   0.444464   0.441665   0.437956   0.433373   0.427945   0.421708   0.414694   0.406934   0.398452   0.389270   0.379403   0.368866   0.357671   0.345829   0.333353   0.320254   0.306543   0.292230   0.277326   0.261839   0.245780   0.229159   0.211986   0.194268   0.176019   0.157244   0.137949   0.118148   0.097860   0.077109   0.055926   0.034347   0.012409   -0.009844   -0.032369   -0.055117   -0.078034   -0.101061   -0.124138   -0.147203   -0.170196   -0.193056   -0.215726   -0.238156   -0.260297   -0.282105   -0.303537   -0.324552   -0.345110   -0.365172   
0.463060   0.463105   0.461944   0.459570   0.456014   0.451333   0.445585   0.438821   0.431083   0.422409   0.412828   0.402362   0.391033   0.378860   0.365863   0.352059   0.337464   0.322093   0.305959   0.289076   0.271453   0.253103   0.234039   0.214273   0.193813   0.172673   0.150861   0.128381   0.105255   0.081512   0.057187   0.032321   0.006957   -0.018855   -0.045057   -0.071588   -0.098378   -0.125356   -0.152445   -0.179570   -0.206654   -0.233620   -0.260396   -0.286912   -0.313113   -0.338943   -0.364353   -0.389292   -0.413714   -0.437571   -0.460816   -0.483397   
0.467604   0.469489   0.470090   0.469182   0.466760   0.462848   0.457502   0.450805   0.442826   0.433620   0.423239   0.411721   0.399100   0.385404   0.370662   0.354900   0.338139   0.320401   0.301704   0.282062   0.261489   0.239995   0.217597   0.194308   0.170147   0.145131   0.119268   0.092588   0.065131   0.036945   0.008087   -0.021382   -0.051393   -0.081876   -0.112751   -0.143933   -0.175329   -0.206844   -0.238381   -0.269849   -0.301154   -0.332213   -0.362954   -0.393310   -0.423221   -0.452626   -0.481465   -0.509671   -0.537151   -0.563833   -0.589795   -0.614925   
0.463426   0.467808   0.470599   0.471807   0.471346   0.468989   0.464760   0.458708   0.450934   0.441538   0.430603   0.418200   0.404384   0.389200   0.372689   0.354887   0.335825   0.315524   0.294008   0.271295   0.247405   0.222359   0.196184   0.168899   0.140539   0.111125   0.080700   0.049323   0.017056   -0.016032   -0.049866   -0.084360   -0.119424   -0.154960   -0.190862   -0.227019   -0.263315   -0.299636   -0.335873   -0.371918   -0.407677   -0.443065   -0.478008   -0.512424   -0.546215   -0.579235   -0.611580   -0.643132   -0.673903   -0.703907   -0.733023   -0.761181   
0.452496   0.459632   0.465245   0.469013   0.470742   0.470454   0.467920   0.463049   0.455918   0.446647   0.435373   0.422206   0.407237   0.390528   0.372134   0.352106   0.330489   0.307318   0.282626   0.256442   0.228799   0.199740   0.169306   0.137550   0.104517   0.070251   0.034823   -0.001688   -0.039197   -0.077610   -0.116825   -0.156736   -0.197227   -0.238172   -0.279438   -0.320890   -0.362393   -0.403815   -0.445031   -0.485928   -0.526400   -0.566293   -0.605500   -0.644115   -0.681953   -0.719144   -0.755536   -0.790973   -0.825552   -0.859166   -0.891784   -0.923502   
0.437411   0.446607   0.454843   0.461377   0.465834   0.467808   0.467261   0.464031   0.457949   0.449112   0.437672   0.423799   0.407628   0.389266   0.368793   0.346282   0.321797   0.295399   0.267142   0.237083   0.205279   0.171795   0.136693   0.100049   0.061918   0.022381   -0.018468   -0.060529   -0.103693   -0.147842   -0.192849   -0.238579   -0.284886   -0.331615   -0.378604   -0.425692   -0.472721   -0.519528   -0.565883   -0.611728   -0.657071   -0.701806   -0.745996   -0.789399   -0.831953   -0.873708   -0.914473   -0.954382   -0.993328   -1.031165   -1.067844   -1.103503   
0.420549   0.430993   0.440817   0.449715   0.456818   0.461450   0.463126   0.461673   0.456941   0.448767   0.437295   0.422729   0.405274   0.385096   0.362321   0.337063   0.309422   0.279488   0.247339   0.213057   0.176725   0.138436   0.098283   0.056351   0.012718   -0.032508   -0.079208   -0.127256   -0.176515   -0.226838   -0.278069   -0.330038   -0.382564   -0.435455   -0.488506   -0.541420   -0.594046   -0.646392   -0.698354   -0.749947   -0.800846   -0.851109   -0.900621   -0.949313   -0.997254   -1.044277   -1.090188   -1.134931   -1.178588   -1.220998   -1.262281   -1.302419   
0.402193   0.413996   0.425093   0.435264   0.444315   0.451389   0.455460   0.455953   0.452624   0.445297   0.433904   0.418671   0.399878   0.377771   0.352535   0.324326   0.293285   0.259536   0.223190   0.184355   0.143149   0.099685   0.054085   0.006439   -0.043134   -0.094498   -0.147506   -0.202001   -0.257815   -0.314765   -0.372655   -0.431269   -0.490313   -0.549394   -0.608662   -0.667826   -0.726951   -0.785607   -0.843872   -0.901546   -0.958658   -1.015179   -1.070920   -1.125681   -1.179285   -1.231907   -1.283247   -1.333470   -1.382436   -1.429980   -1.476212   -1.521209   
0.382040   0.395379   0.407847   0.419200   0.429283   0.437889   0.444119   0.446652   0.444833   0.438438   0.427291   0.411494   0.391373   0.367265   0.339436   0.308094   0.273425   0.235592   0.194738   0.151006   0.104547   0.055505   0.004026   -0.049779   -0.105751   -0.163722   -0.223511   -0.284924   -0.347749   -0.411734   -0.476357   -0.541771   -0.607551   -0.673856   -0.740155   -0.806346   -0.872296   -0.937968   -1.003344   -1.068187   -1.132306   -1.195332   -1.257600   -1.318652   -1.378713   -1.437583   -1.494988   -1.551013   -1.605645   -1.658723   -1.710562   -1.761097   
0.359651   0.374701   0.388668   0.401256   0.412334   0.421737   0.429278   0.433703   0.433571   0.428211   0.417449   0.401209   0.379802   0.353644   0.323096   0.288428   0.249882   0.207666   0.161965   0.112965   0.060852   0.005811   -0.052002   -0.112428   -0.175272   -0.240324   -0.307356   -0.376053   -0.445842   -0.517003   -0.589231   -0.662369   -0.735833   -0.809719   -0.883621   -0.957727   -1.031686   -1.105284   -1.178078   -1.250308   -1.321625   -1.392032   -1.461512   -1.529664   -1.596495   -1.661999   -1.725862   -1.788395   -1.849431   -1.908960   -1.967012   -2.023641   
0.334607   0.351527   0.367145   0.381110   0.393300   0.403510   0.411712   0.417413   0.418888   0.414756   0.404458   0.387892   0.365233   0.336960   0.303542   0.265332   0.222636   0.175718   0.124813   0.070154   0.011971   -0.049511   -0.114116   -0.181628   -0.251796   -0.324142   -0.398383   -0.474498   -0.552574   -0.631916   -0.712386   -0.793570   -0.875654   -0.958214   -1.040939   -1.123561   -1.205519   -1.287306   -1.368196   -1.448615   -1.528065   -1.606230   -1.683382   -1.758972   -1.833354   -1.906260   -1.977569   -2.047223   -2.115213   -2.181570   -2.246350   -2.309621   
0.306662   0.325648   0.343109   0.358625   0.372076   0.383205   0.392052   0.398330   0.401072   0.398151   0.388421   0.371572   0.347672   0.317206   0.280754   0.238769   0.191636   0.139684   0.083204   0.022486   -0.042191   -0.110560   -0.182390   -0.257065   -0.334460   -0.414513   -0.497349   -0.582005   -0.668686   -0.756784   -0.846530   -0.937295   -1.028708   -1.120375   -1.211766   -1.303143   -1.394263   -1.485041   -1.574793   -1.663871   -1.751701   -1.838507   -1.924103   -2.008267   -2.090849   -2.171733   -2.250840   -2.328142   -2.403656   -2.477433   -2.549541   -2.620067   
0.275920   0.297015   0.316496   0.333755   0.348620   0.360804   0.370344   0.377074   0.380356   0.378490   0.369370   0.352243   0.327101   0.294353   0.254691   0.208690   0.156821   0.099491   0.037059   -0.030118   -0.101689   -0.176948   -0.255689   -0.338227   -0.424286   -0.513114   -0.604654   -0.698773   -0.795274   -0.893554   -0.993179   -1.093296   -1.194341   -1.295349   -1.396834   -1.498180   -1.598738   -1.699025   -1.798193   -1.896750   -1.994219   -2.090392   -2.185096   -2.278177   -2.369493   -2.458939   -2.546452   -2.632026   -2.715699   -2.797533   -2.877612   -2.956038   
0.242816   0.265806   0.287321   0.306464   0.322879   0.336240   0.346542   0.353707   0.357200   0.355883   0.347296   0.329904   0.303481   0.268358   0.225306   0.175037   0.118130   0.055080   -0.013664   -0.087240   -0.165201   -0.248095   -0.335473   -0.426729   -0.521502   -0.620123   -0.722008   -0.826604   -0.933451   -1.041523   -1.151429   -1.261841   -1.373426   -1.485134   -1.596823   -1.708224   -1.819400   -1.930085   -2.039938   -2.148725   -2.256242   -2.362301   -2.466728   -2.569360   -2.670056   -2.768716   -2.865296   -2.959811   -3.052312   -3.142875   -3.231598   -3.318601   
0.207572   0.232365   0.255688   0.276709   0.294780   0.309425   0.320561   0.328183   0.331783   0.330495   0.322227   0.304546   0.276775   0.239176   0.192551   0.137766   0.075528   0.006846   -0.067517   -0.148136   -0.234407   -0.325746   -0.421668   -0.522707   -0.628112   -0.737313   -0.849837   -0.964543   -1.082191   -1.201169   -1.322238   -1.443853   -1.566527   -1.689124   -1.812223   -1.935205   -2.057736   -2.179544   -2.300385   -2.420030   -2.538267   -2.654897   -2.769735   -2.882607   -2.993373   -3.101941   -3.208290   -3.312447   -3.414477   -3.514469   -3.612537   -3.708824   
0.170863   0.196836   0.221850   0.244522   0.264259   0.280272   0.292315   0.300424   0.304090   0.302558   0.294192   0.276129   0.246946   0.206770   0.156396   0.096882   0.030259   -0.044606   -0.126560   -0.214750   -0.309104   -0.409891   -0.516398   -0.627950   -0.744057   -0.863482   -0.987133   -1.113184   -1.242510   -1.373262   -1.506078   -1.639459   -1.774142   -1.909280   -2.044495   -2.179468   -2.313903   -2.447523   -2.580070   -2.711301   -2.840990   -2.968922   -3.094900   -3.218741   -3.340303   -3.459511   -3.576359   -3.690888   -3.803174   -3.913322   -4.021468   -4.127775   
0.133307   0.159752   0.185913   0.210090   0.231296   0.248707   0.261719   0.270347   0.274063   0.272152   0.263266   0.244639   0.213974   0.171127   0.117534   0.054286   -0.018915   -0.100716   -0.189880   -0.286867   -0.391383   -0.502399   -0.619390   -0.741023   -0.868324   -0.999294   -1.134949   -1.273209   -1.414816   -1.557951   -1.703432   -1.850172   -1.997707   -2.145644   -2.293627   -2.441323   -2.588419   -2.734617   -2.879642   -3.023231   -3.165141   -3.305144   -3.443026   -3.578595   -3.711715   -3.842324   -3.970430   -4.096085   -4.219381   -4.340442   -4.459426   -4.576522   
0.094701   0.121678   0.148230   0.173506   0.195992   0.214674   0.228695   0.237875   0.241633   0.239259   0.229567   0.210097   0.177892   0.133598   0.075811   0.007212   -0.072394   -0.160968   -0.259645   -0.366508   -0.480953   -0.601607   -0.729543   -0.862628   -1.001994   -1.145384   -1.293654   -1.444741   -1.599542   -1.756735   -1.915717   -2.075976   -2.237061   -2.398563   -2.560102   -2.721322   -2.881883   -3.041468   -3.199777   -3.356530   -3.511466   -3.664341   -3.814921   -3.963011   -4.108479   -4.251277   -4.391425   -4.528989   -4.664078   -4.796837   -4.927449   -5.056131   


#  Thrust coefficient

0.216499   0.218355   0.220224   0.222088   0.223929   0.225727   0.227458   0.229101   0.230628   0.232015   0.233233   0.234256   0.235057   0.235610   0.235893   0.235883   0.235563   0.234915   0.233928   0.232593   0.230908   0.228873   0.226494   0.223784   0.220757   0.217431   0.213824   0.209957   0.205850   0.201525   0.197004   0.192306   0.187450   0.182455   0.177335   0.172103   0.166768   0.161338   0.155818   0.150210   0.144518   0.138744   0.132891   0.126960   0.120954   0.114873   0.108720   0.102498   0.096211   0.089863   0.083459   0.077006   
0.292995   0.295367   0.297562   0.299543   0.301268   0.302697   0.303791   0.304513   0.304830   0.304714   0.304140   0.303090   0.301551   0.299516   0.296989   0.293978   0.290500   0.286579   0.282245   0.277528   0.272461   0.267077   0.261407   0.255483   0.249335   0.242988   0.236465   0.229787   0.222970   0.216028   0.208969   0.201797   0.194519   0.187137   0.179654   0.172067   0.164376   0.156580   0.148682   0.140682   0.132584   0.124391   0.116109   0.107744   0.099304   0.090797   0.082235   0.073631   0.065001   0.056360   0.047727   0.039119   
0.381203   0.382642   0.383559   0.383908   0.383654   0.382769   0.381233   0.379038   0.376181   0.372672   0.368532   0.363792   0.358490   0.352675   0.346394   0.339695   0.332624   0.325225   0.317535   0.309589   0.301417   0.293044   0.284492   0.275778   0.266914   0.257910   0.248773   0.239505   0.230110   0.220588   0.210938   0.201161   0.191257   0.181222   0.171059   0.160769   0.150359   0.139835   0.129206   0.118480   0.107669   0.096788   0.085854   0.074884   0.063901   0.052927   0.041985   0.031101   0.020299   0.009602   -0.000963   -0.011376   
0.472037   0.470544   0.468212   0.465040   0.461038   0.456230   0.450650   0.444347   0.437384   0.429826   0.421738   0.413180   0.404206   0.394865   0.385198   0.375242   0.365029   0.354587   0.343939   0.333104   0.322094   0.310919   0.299581   0.288081   0.276422   0.264606   0.252634   0.240509   0.228230   0.215803   0.203229   0.190508   0.177642   0.164639   0.151511   0.138267   0.124922   0.111492   0.097997   0.084461   0.070909   0.057370   0.043871   0.030444   0.017117   0.003921   -0.009119   -0.021975   -0.034621   -0.047033   -0.059187   -0.071060   
0.556811   0.551070   0.544403   0.536874   0.528560   0.519544   0.509899   0.499693   0.488987   0.477835   0.466287   0.454386   0.442167   0.429666   0.416910   0.403924   0.390725   0.377325   0.363728   0.349935   0.335948   0.321769   0.307401   0.292847   0.278113   0.263205   0.248127   0.232883   0.217479   0.201920   0.186206   0.170348   0.154361   0.138261   0.122067   0.105804   0.089499   0.073184   0.056889   0.040648   0.024493   0.008458   -0.007424   -0.023121   -0.038598   -0.053825   -0.068771   -0.083406   -0.097702   -0.111633   -0.125175   -0.138304   
0.631632   0.621639   0.610874   0.599411   0.587318   0.574658   0.561491   0.547869   0.533835   0.519430   0.504690   0.489647   0.474329   0.458758   0.442945   0.426896   0.410613   0.394101   0.377362   0.360402   0.343225   0.325838   0.308245   0.290456   0.272478   0.254319   0.235984   0.217483   0.198822   0.180005   0.161050   0.141976   0.122808   0.103573   0.084304   0.065035   0.045802   0.026641   0.007592   -0.011305   -0.030012   -0.048488   -0.066693   -0.084588   -0.102134   -0.119292   -0.136025   -0.152300   -0.168088   -0.183362   -0.198096   -0.212263   
0.697045   0.683614   0.669483   0.654715   0.639374   0.623514   0.607184   0.590428   0.573290   0.555805   0.537999   0.519891   0.501493   0.482809   0.463848   0.444617   0.425123   0.405372   0.385372   0.365130   0.344652   0.323947   0.303025   0.281896   0.260570   0.239051   0.217355   0.195487   0.173454   0.151275   0.128975   0.106585   0.084143   0.061691   0.039271   0.016926   -0.005301   -0.027363   -0.049209   -0.070789   -0.092048   -0.112936   -0.133403   -0.153400   -0.172884   -0.191816   -0.210161   -0.227885   -0.244955   -0.261342   -0.277015   -0.291947   
0.754179   0.738078   0.721274   0.703794   0.685687   0.667018   0.647846   0.628219   0.608176   0.587746   0.566948   0.545794   0.524296   0.502466   0.480315   0.457855   0.435097   0.412050   0.388723   0.365126   0.341264   0.317147   0.292786   0.268194   0.243375   0.218345   0.193109   0.167675   0.142071   0.116333   0.090506   0.064637   0.038773   0.012965   -0.012730   -0.038253   -0.063542   -0.088534   -0.113165   -0.137371   -0.161094   -0.184272   -0.206851   -0.228783   -0.250024   -0.270538   -0.290290   -0.309244   -0.327369   -0.344629   -0.360990   -0.376410   
0.804073   0.785788   0.766907   0.747298   0.726975   0.705963   0.684311   0.662079   0.639317   0.616061   0.592343   0.568188   0.543618   0.518647   0.493295   0.467575   0.441501   0.415084   0.388334   0.361257   0.333860   0.306149   0.278139   0.249843   0.221281   0.192471   0.163421   0.134169   0.104765   0.075267   0.045736   0.016234   -0.013171   -0.042413   -0.071422   -0.100124   -0.128441   -0.156296   -0.183615   -0.210327   -0.236365   -0.261670   -0.286192   -0.309889   -0.332719   -0.354643   -0.375618   -0.395597   -0.414498   -0.432256   -0.448980   -0.464568   
0.848551   0.828387   0.807597   0.786187   0.764092   0.741156   0.717395   0.692838   0.667553   0.641609   0.615060   0.587953   0.560320   0.532187   0.503574   0.474503   0.444986   0.415032   0.384650   0.353848   0.322638   0.291041   0.259085   0.226791   0.194195   0.161320   0.128217   0.094954   0.061601   0.028227   -0.005092   -0.038279   -0.071253   -0.103930   -0.136224   -0.168044   -0.199301   -0.229912   -0.259797   -0.288883   -0.317105   -0.344411   -0.370750   -0.396072   -0.420297   -0.443292   -0.465189   -0.485894   -0.505433   -0.523855   -0.541051   -0.556963   
0.889303   0.867311   0.844891   0.821829   0.797991   0.773370   0.747789   0.721176   0.693575   0.665067   0.635747   0.605684   0.574935   0.543532   0.511503   0.478873   0.445665   0.411898   0.377587   0.342750   0.307418   0.271636   0.235450   0.198916   0.162078   0.124985   0.087715   0.050348   0.012970   -0.024332   -0.061469   -0.098349   -0.134878   -0.170956   -0.206481   -0.241352   -0.275473   -0.308753   -0.341109   -0.372466   -0.402755   -0.431850   -0.459662   -0.486343   -0.511726   -0.535984   -0.558997   -0.580626   -0.600987   -0.620002   -0.637646   -0.654028   
0.928516   0.904127   0.879810   0.855082   0.829680   0.803331   0.775987   0.747502   0.717742   0.686762   0.654661   0.621554   0.587529   0.552651   0.516965   0.480510   0.443325   0.405448   0.366919   0.327785   0.288103   0.247945   0.207371   0.166462   0.125266   0.083867   0.042357   0.000832   -0.040611   -0.081873   -0.122849   -0.163432   -0.203510   -0.242967   -0.281687   -0.319556   -0.356468   -0.392310   -0.426890   -0.460181   -0.492266   -0.523062   -0.552696   -0.580966   -0.607826   -0.633374   -0.657442   -0.680181   -0.701515   -0.721308   -0.739514   -0.756312   
0.968055   0.940604   0.913586   0.886754   0.859555   0.831544   0.802386   0.771938   0.740052   0.706592   0.671649   0.635363   0.597875   0.559299   0.519714   0.479197   0.437816   0.395632   0.352709   0.309116   0.264941   0.220279   0.175221   0.129842   0.084212   0.038434   -0.007385   -0.053135   -0.098703   -0.143972   -0.188821   -0.233123   -0.276747   -0.319553   -0.361397   -0.402035   -0.441352   -0.479457   -0.516286   -0.551936   -0.586124   -0.618948   -0.650351   -0.680290   -0.708878   -0.735987   -0.761441   -0.785197   -0.807394   -0.827871   -0.846772   -0.864091   
1.008406   0.977689   0.947549   0.917737   0.888084   0.858036   0.826948   0.794416   0.760247   0.724268   0.686416   0.646848   0.605771   0.563362   0.519747   0.475032   0.429316   0.382691   0.335247   0.287082   0.238315   0.189054   0.139412   0.089458   0.039295   -0.010956   -0.061171   -0.111223   -0.160979   -0.210302   -0.259047   -0.307055   -0.354095   -0.399799   -0.444449   -0.487807   -0.530049   -0.570805   -0.610205   -0.648129   -0.684640   -0.719776   -0.753402   -0.785353   -0.815462   -0.843994   -0.870650   -0.895644   -0.918863   -0.940147   -0.959612   -0.977341   
1.049561   1.015348   0.981813   0.948663   0.915743   0.882867   0.849475   0.814722   0.778154   0.739588   0.698856   0.656024   0.611329   0.565022   0.517293   0.468287   0.418136   0.366963   0.314886   0.262034   0.208556   0.154581   0.100233   0.045590   -0.009213   -0.064035   -0.118732   -0.173154   -0.227140   -0.280500   -0.332739   -0.384108   -0.434270   -0.483509   -0.531389   -0.577872   -0.622935   -0.666591   -0.708911   -0.749730   -0.788919   -0.826114   -0.861774   -0.895451   -0.927438   -0.957584   -0.985636   -1.011697   -1.035793   -1.057762   -1.077919   -1.096201   
1.091196   1.053255   1.016070   0.979295   0.942798   0.906419   0.870041   0.832838   0.793884   0.752705   0.709136   0.663092   0.614797   0.564564   0.512657   0.459266   0.404568   0.348722   0.291882   0.234216   0.175900   0.117092   0.057907   -0.001538   -0.061083   -0.120562   -0.179796   -0.238529   -0.296177   -0.353188   -0.409328   -0.464590   -0.518459   -0.571161   -0.622376   -0.672407   -0.720998   -0.768022   -0.813075   -0.856492   -0.898010   -0.937679   -0.975579   -1.011343   -1.045010   -1.076639   -1.105933   -1.133233   -1.158401   -1.181430   -1.202347   -1.221191   
1.132929   1.091047   1.050017   1.009449   0.969229   0.929159   0.889246   0.849123   0.807649   0.763917   0.717514   0.668316   0.616437   0.562235   0.506065   0.448182   0.388814   0.328164   0.266428   0.203817   0.140537   0.076771   0.012633   -0.051712   -0.116062   -0.179976   -0.243170   -0.305789   -0.368037   -0.429330   -0.489618   -0.548630   -0.606664   -0.663444   -0.718776   -0.772494   -0.824056   -0.874162   -0.922095   -0.968438   -1.012754   -1.054760   -1.094824   -1.132446   -1.168021   -1.201341   -1.232323   -1.260931   -1.287171   -1.311074   -1.332682   -1.352044   
1.174519   1.128652   1.083684   1.039219   0.995167   0.951299   0.907683   0.864097   0.819822   0.773464   0.724238   0.671884   0.616419   0.558201   0.497680   0.435193   0.371028   0.305443   0.238680   0.171002   0.102642   0.033806   -0.035356   -0.104241   -0.172740   -0.240952   -0.309162   -0.376461   -0.443195   -0.508854   -0.573845   -0.637691   -0.700162   -0.760988   -0.819660   -0.876711   -0.931936   -0.985420   -1.036530   -1.085708   -1.132487   -1.177134   -1.219563   -1.259614   -1.297191   -1.332223   -1.364669   -1.394521   -1.421805   -1.446566   -1.468852   -1.488721   
1.215791   1.166128   1.117204   1.068780   1.020804   0.973047   0.925590   0.878313   0.830696   0.781545   0.729472   0.673929   0.614870   0.552590   0.487630   0.420429   0.351346   0.280701   0.208793   0.135939   0.062425   -0.011066   -0.084345   -0.157963   -0.231775   -0.305066   -0.377941   -0.450350   -0.522305   -0.593350   -0.663209   -0.731102   -0.797708   -0.862167   -0.925203   -0.986328   -1.044945   -1.101752   -1.155966   -1.208218   -1.258131   -1.305579   -1.350465   -1.392701   -1.432206   -1.468922   -1.502824   -1.533923   -1.562258   -1.587880   -1.610845   -1.631216   
1.256338   1.203399   1.150706   1.098280   1.046274   0.994519   0.943088   0.891959   0.840668   0.788346   0.733329   0.674574   0.611892   0.545508   0.476028   0.404010   0.329898   0.254085   0.176948   0.099368   0.021820   -0.056593   -0.135550   -0.214494   -0.293199   -0.372108   -0.450845   -0.529000   -0.606271   -0.681686   -0.756196   -0.828541   -0.899702   -0.968746   -1.035619   -1.100277   -1.162857   -1.223268   -1.281281   -1.336772   -1.389634   -1.439773   -1.487097   -1.531519   -1.572962   -1.611377   -1.646754   -1.679121   -1.708524   -1.735018   -1.758666   -1.779535   
1.296081   1.240125   1.184080   1.127761   1.071646   1.015781   0.960249   0.905128   0.849970   0.794070   0.735933   0.673931   0.607580   0.537057   0.462987   0.386064   0.306838   0.226267   0.145230   0.062756   -0.020698   -0.104640   -0.188717   -0.273593   -0.358732   -0.443693   -0.528162   -0.611015   -0.693431   -0.773828   -0.853381   -0.930628   -1.006292   -1.079422   -1.150760   -1.219873   -1.286569   -1.350715   -1.412193   -1.470897   -1.526726   -1.579584   -1.629379   -1.676018   -1.719428   -1.759573   -1.796457   -1.830117   -1.860607   -1.887985   -1.912320   -1.933688   
1.334313   1.276185   1.217011   1.157138   1.096948   1.036876   0.977127   0.917884   0.858708   0.798962   0.737406   0.672081   0.602030   0.527342   0.448635   0.366770   0.284051   0.198653   0.111678   0.023908   -0.064792   -0.154832   -0.245757   -0.336999   -0.428221   -0.518165   -0.608223   -0.696543   -0.784501   -0.870297   -0.954872   -1.036903   -1.117388   -1.195682   -1.271585   -1.344948   -1.415637   -1.483532   -1.548518   -1.610488   -1.669338   -1.724968   -1.777280   -1.826179   -1.871599   -1.913512   -1.951939   -1.986921   -2.018516   -2.046789   -2.071816   -2.093681   
1.370468   1.311004   1.249381   1.186155   1.122146   1.057830   0.993759   0.930273   0.866949   0.803181   0.737895   0.669130   0.595355   0.516499   0.434148   0.349213   0.260512   0.169495   0.077346   -0.016596   -0.112378   -0.209094   -0.306369   -0.402810   -0.499977   -0.595802   -0.691866   -0.786087   -0.879581   -0.970697   -1.060608   -1.148461   -1.234010   -1.317077   -1.397508   -1.475163   -1.549912   -1.621629   -1.690198   -1.755505   -1.817443   -1.875907   -1.930791   -1.982003   -2.029478   -2.073205   -2.113209   -2.149539   -2.182258   -2.211437   -2.237162   -2.259526   
1.404926   1.344053   1.280811   1.214687   1.147075   1.078646   1.010177   0.942343   0.874754   0.806824   0.737582   0.665208   0.587717   0.507004   0.420018   0.329880   0.235651   0.139641   0.040132   -0.060963   -0.163243   -0.265291   -0.368740   -0.471378   -0.574947   -0.677136   -0.779212   -0.879259   -0.978609   -1.076196   -1.171687   -1.264838   -1.355450   -1.443356   -1.528400   -1.610440   -1.689340   -1.764969   -1.837205   -1.905930   -1.971030   -2.032396   -2.089916   -2.143494   -2.193076   -2.238659   -2.280275   -2.317979   -2.351839   -2.381938   -2.408366   -2.431230   


# Torque coefficient

0.035283   0.036909   0.038523   0.040119   0.041692   0.043237   0.044748   0.046217   0.047638   0.049001   0.050297   0.051515   0.052645   0.053676   0.054599   0.055409   0.056098   0.056664   0.057104   0.057415   0.057597   0.057652   0.057581   0.057388   0.057079   0.056657   0.056130   0.055504   0.054783   0.053976   0.053086   0.052121   0.051086   0.049985   0.048822   0.047601   0.046326   0.044999   0.043620   0.042192   0.040715   0.039192   0.037622   0.036008   0.034349   0.032648   0.030903   0.029118   0.027292   0.025428   0.023527   0.021592   
0.048533   0.050327   0.052055   0.053707   0.055267   0.056722   0.058057   0.059260   0.060322   0.061234   0.061994   0.062597   0.063044   0.063333   0.063468   0.063453   0.063294   0.062997   0.062571   0.062023   0.061359   0.060589   0.059720   0.058757   0.057709   0.056581   0.055378   0.054106   0.052769   0.051369   0.049912   0.048397   0.046826   0.045203   0.043527   0.041798   0.040018   0.038187   0.036305   0.034374   0.032393   0.030365   0.028291   0.026172   0.024010   0.021809   0.019570   0.017298   0.014996   0.012668   0.010320   0.007956   
0.061030   0.062591   0.063986   0.065203   0.066235   0.067080   0.067738   0.068212   0.068507   0.068628   0.068585   0.068384   0.068034   0.067544   0.066924   0.066181   0.065324   0.064361   0.063299   0.062145   0.060905   0.059585   0.058188   0.056721   0.055186   0.053586   0.051922   0.050197   0.048413   0.046568   0.044665   0.042704   0.040686   0.038610   0.036477   0.034288   0.032045   0.029748   0.027400   0.025003   0.022560   0.020073   0.017546   0.014983   0.012390   0.009770   0.007131   0.004477   0.001815   -0.000850   -0.003511   -0.006162   
0.070290   0.071176   0.071856   0.072337   0.072628   0.072738   0.072675   0.072448   0.072067   0.071541   0.070880   0.070092   0.069184   0.068165   0.067040   0.065817   0.064501   0.063098   0.061613   0.060050   0.058412   0.056702   0.054921   0.053070   0.051151   0.049163   0.047109   0.044989   0.042803   0.040553   0.038241   0.035865   0.033427   0.030929   0.028372   0.025760   0.023093   0.020376   0.017612   0.014805   0.011961   0.009085   0.006183   0.003260   0.000323   -0.002620   -0.005565   -0.008505   -0.011432   -0.014343   -0.017229   -0.020085   
0.075047   0.075306   0.075387   0.075299   0.075051   0.074652   0.074108   0.073428   0.072617   0.071684   0.070635   0.069475   0.068210   0.066846   0.065388   0.063840   0.062207   0.060490   0.058692   0.056813   0.054855   0.052818   0.050704   0.048513   0.046247   0.043907   0.041494   0.039011   0.036457   0.033835   0.031145   0.028389   0.025569   0.022687   0.019747   0.016753   0.013708   0.010618   0.007489   0.004327   0.001137   -0.002074   -0.005298   -0.008529   -0.011760   -0.014983   -0.018191   -0.021378   -0.024536   -0.027660   -0.030743   -0.033780   
0.076114   0.076031   0.075792   0.075404   0.074872   0.074201   0.073397   0.072465   0.071411   0.070239   0.068955   0.067563   0.066068   0.064474   0.062784   0.060998   0.059119   0.057148   0.055085   0.052933   0.050693   0.048366   0.045954   0.043458   0.040881   0.038222   0.035485   0.032671   0.029780   0.026814   0.023775   0.020665   0.017488   0.014247   0.010948   0.007597   0.004197   0.000757   -0.002717   -0.006217   -0.009737   -0.013267   -0.016800   -0.020327   -0.023839   -0.027329   -0.030788   -0.034209   -0.037584   -0.040908   -0.044173   -0.047375   
0.074603   0.074457   0.074148   0.073681   0.073062   0.072298   0.071392   0.070352   0.069182   0.067887   0.066472   0.064940   0.063294   0.061536   0.059669   0.057693   0.055612   0.053427   0.051139   0.048751   0.046265   0.043681   0.041002   0.038229   0.035365   0.032409   0.029365   0.026232   0.023013   0.019710   0.016326   0.012864   0.009330   0.005730   0.002070   -0.001642   -0.005400   -0.009195   -0.013018   -0.016860   -0.020709   -0.024557   -0.028393   -0.032207   -0.035989   -0.039730   -0.043424   -0.047062   -0.050638   -0.054144   -0.057573   -0.060920   
0.071308   0.071315   0.071136   0.070770   0.070223   0.069502   0.068617   0.067575   0.066384   0.065048   0.063572   0.061961   0.060216   0.058342   0.056340   0.054214   0.051967   0.049600   0.047116   0.044516   0.041802   0.038976   0.036040   0.032996   0.029846   0.026590   0.023231   0.019770   0.016208   0.012552   0.008806   0.004977   0.001071   -0.002904   -0.006938   -0.011024   -0.015150   -0.019304   -0.023475   -0.027652   -0.031823   -0.035976   -0.040099   -0.044182   -0.048217   -0.052195   -0.056108   -0.059948   -0.063709   -0.067383   -0.070962   -0.074440   
0.066864   0.067134   0.067220   0.067090   0.066744   0.066184   0.065420   0.064462   0.063321   0.062005   0.060520   0.058873   0.057069   0.055110   0.053002   0.050748   0.048352   0.045815   0.043142   0.040333   0.037391   0.034318   0.031115   0.027785   0.024330   0.020753   0.017055   0.013239   0.009313   0.005283   0.001156   -0.003057   -0.007349   -0.011708   -0.016123   -0.020581   -0.025071   -0.029577   -0.034087   -0.038587   -0.043063   -0.047504   -0.051900   -0.056241   -0.060518   -0.064723   -0.068846   -0.072880   -0.076809   -0.080624   -0.084337   -0.087930   
0.061849   0.062434   0.062806   0.062968   0.062906   0.062591   0.062027   0.061219   0.060182   0.058928   0.057468   0.055813   0.053969   0.051943   0.049739   0.047363   0.044819   0.042110   0.039238   0.036207   0.033019   0.029676   0.026183   0.022541   0.018756   0.014831   0.010770   0.006583   0.002276   -0.002140   -0.006655   -0.011259   -0.015938   -0.020681   -0.025472   -0.030298   -0.035142   -0.039990   -0.044826   -0.049636   -0.054409   -0.059132   -0.063795   -0.068388   -0.072898   -0.077305   -0.081622   -0.085833   -0.089939   -0.093944   -0.097830   -0.101588   
0.056616   0.057509   0.058211   0.058682   0.058899   0.058863   0.058546   0.057936   0.057044   0.055884   0.054473   0.052826   0.050953   0.048862   0.046561   0.044055   0.041350   0.038451   0.035362   0.032086   0.028627   0.024991   0.021183   0.017210   0.013077   0.008790   0.004357   -0.000211   -0.004904   -0.009710   -0.014617   -0.019611   -0.024677   -0.029800   -0.034963   -0.040149   -0.045342   -0.050525   -0.055682   -0.060799   -0.065863   -0.070854   -0.075760   -0.080591   -0.085325   -0.089979   -0.094532   -0.098966   -0.103292   -0.107498   -0.111579   -0.115548   
0.051509   0.052592   0.053562   0.054331   0.054856   0.055089   0.055024   0.054644   0.053928   0.052887   0.051540   0.049906   0.048002   0.045840   0.043429   0.040778   0.037895   0.034786   0.031458   0.027919   0.024174   0.020230   0.016097   0.011782   0.007291   0.002636   -0.002175   -0.007128   -0.012211   -0.017410   -0.022710   -0.028095   -0.033548   -0.039051   -0.044584   -0.050129   -0.055667   -0.061179   -0.066638   -0.072037   -0.077376   -0.082644   -0.087848   -0.092959   -0.097970   -0.102887   -0.107688   -0.112387   -0.116973   -0.121429   -0.125748   -0.129948   
0.046772   0.047934   0.049026   0.050016   0.050806   0.051321   0.051508   0.051346   0.050820   0.049910   0.048635   0.047015   0.045073   0.042829   0.040296   0.037487   0.034413   0.031084   0.027508   0.023696   0.019655   0.015396   0.010931   0.006267   0.001414   -0.003615   -0.008809   -0.014153   -0.019631   -0.025228   -0.030926   -0.036706   -0.042548   -0.048430   -0.054330   -0.060215   -0.066068   -0.071890   -0.077669   -0.083407   -0.089068   -0.094658   -0.100164   -0.105580   -0.110912   -0.116141   -0.121247   -0.126224   -0.131079   -0.135796   -0.140387   -0.144851   
0.042376   0.043620   0.044789   0.045861   0.046815   0.047560   0.047989   0.048041   0.047690   0.046918   0.045718   0.044113   0.042133   0.039803   0.037144   0.034172   0.030902   0.027346   0.023516   0.019424   0.015083   0.010503   0.005699   0.000678   -0.004545   -0.009957   -0.015542   -0.021284   -0.027164   -0.033165   -0.039264   -0.045440   -0.051661   -0.057886   -0.064131   -0.070364   -0.076594   -0.082774   -0.088913   -0.094990   -0.101008   -0.106963   -0.112836   -0.118606   -0.124254   -0.129798   -0.135207   -0.140499   -0.145658   -0.150668   -0.155539   -0.160280   
0.038240   0.039576   0.040824   0.041960   0.042969   0.043831   0.044454   0.044708   0.044526   0.043886   0.042770   0.041189   0.039175   0.036761   0.033976   0.030839   0.027369   0.023582   0.019492   0.015115   0.010465   0.005556   0.000403   -0.004983   -0.010585   -0.016388   -0.022372   -0.028520   -0.034808   -0.041213   -0.047681   -0.054229   -0.060813   -0.067450   -0.074086   -0.080711   -0.087313   -0.093886   -0.100430   -0.106920   -0.113338   -0.119647   -0.125880   -0.131991   -0.138003   -0.143895   -0.149641   -0.155249   -0.160717   -0.166030   -0.171219   -0.176278   
0.034285   0.035720   0.037051   0.038251   0.039307   0.040204   0.040923   0.041344   0.041332   0.040821   0.039795   0.038247   0.036206   0.033713   0.030800   0.027496   0.023821   0.019797   0.015440   0.010769   0.005801   0.000554   -0.004957   -0.010718   -0.016708   -0.022910   -0.029300   -0.035849   -0.042502   -0.049285   -0.056171   -0.063143   -0.070146   -0.077190   -0.084235   -0.091299   -0.098349   -0.105365   -0.112305   -0.119190   -0.125989   -0.132701   -0.139324   -0.145821   -0.152192   -0.158436   -0.164524   -0.170486   -0.176304   -0.181979   -0.187513   -0.192911   
0.030448   0.031987   0.033409   0.034679   0.035789   0.036718   0.037464   0.037983   0.038117   0.037741   0.036804   0.035296   0.033235   0.030662   0.027621   0.024144   0.020259   0.015990   0.011357   0.006384   0.001089   -0.004505   -0.010384   -0.016527   -0.022912   -0.029496   -0.036251   -0.043177   -0.050282   -0.057502   -0.064824   -0.072211   -0.079681   -0.087193   -0.094721   -0.102239   -0.109697   -0.117139   -0.124500   -0.131818   -0.139047   -0.146160   -0.153180   -0.160059   -0.166827   -0.173461   -0.179950   -0.186288   -0.192475   -0.198514   -0.204408   -0.210166   
0.026692   0.028344   0.029864   0.031215   0.032385   0.033354   0.034124   0.034670   0.034909   0.034655   0.033808   0.032341   0.030261   0.027609   0.024437   0.020782   0.016680   0.012158   0.007242   0.001957   -0.003672   -0.009623   -0.015875   -0.022375   -0.029111   -0.036079   -0.043289   -0.050657   -0.058202   -0.065870   -0.073681   -0.081582   -0.089538   -0.097517   -0.105471   -0.113425   -0.121356   -0.129257   -0.137069   -0.144822   -0.152467   -0.160022   -0.167473   -0.174798   -0.181986   -0.189026   -0.195912   -0.202640   -0.209213   -0.215634   -0.221910   -0.228049   
0.023015   0.024775   0.026400   0.027839   0.029079   0.030096   0.030891   0.031453   0.031727   0.031571   0.030810   0.029382   0.027284   0.024553   0.021244   0.017407   0.013081   0.008299   0.003091   -0.002512   -0.008482   -0.014760   -0.021328   -0.028212   -0.035391   -0.042800   -0.050436   -0.058287   -0.066336   -0.074534   -0.082844   -0.091195   -0.099623   -0.108049   -0.116514   -0.124967   -0.133355   -0.141720   -0.149992   -0.158213   -0.166343   -0.174365   -0.182265   -0.190029   -0.197646   -0.205107   -0.212406   -0.219544   -0.226524   -0.233350   -0.240029   -0.246571   
0.019444   0.021285   0.023008   0.024540   0.025855   0.026925   0.027750   0.028324   0.028603   0.028498   0.027810   0.026417   0.024302   0.021489   0.018042   0.014016   0.009459   0.004411   -0.001094   -0.006986   -0.013229   -0.019867   -0.026863   -0.034171   -0.041760   -0.049657   -0.057816   -0.066191   -0.074747   -0.083401   -0.092202   -0.101043   -0.109979   -0.118924   -0.127868   -0.136788   -0.145691   -0.154554   -0.163350   -0.172062   -0.180671   -0.189164   -0.197526   -0.205745   -0.213808   -0.221708   -0.229442   -0.237010   -0.244418   -0.251670   -0.258774   -0.265741   
0.015982   0.017891   0.019687   0.021306   0.022697   0.023825   0.024682   0.025269   0.025546   0.025447   0.024810   0.023449   0.021311   0.018416   0.014826   0.010607   0.005815   0.000527   -0.005199   -0.011406   -0.018048   -0.025081   -0.032467   -0.040247   -0.048362   -0.056770   -0.065434   -0.074266   -0.083325   -0.092486   -0.101808   -0.111171   -0.120617   -0.130056   -0.139535   -0.149004   -0.158438   -0.167817   -0.177121   -0.186334   -0.195437   -0.204417   -0.213259   -0.221950   -0.230479   -0.238838   -0.247027   -0.255046   -0.262902   -0.270601   -0.278152   -0.285566   
0.012669   0.014594   0.016449   0.018130   0.019593   0.020781   0.021674   0.022275   0.022547   0.022433   0.021813   0.020473   0.018310   0.015331   0.011596   0.007183   0.002244   -0.003307   -0.009384   -0.015923   -0.022918   -0.030391   -0.038288   -0.046559   -0.055168   -0.064023   -0.073191   -0.082537   -0.092125   -0.101820   -0.111668   -0.121557   -0.131543   -0.141563   -0.151588   -0.161596   -0.171563   -0.181471   -0.191298   -0.201028   -0.210644   -0.220130   -0.229470   -0.238652   -0.247666   -0.256504   -0.265168   -0.273660   -0.281985   -0.290152   -0.298170   -0.306052   
0.009531   0.011422   0.013292   0.015021   0.016537   0.017782   0.018712   0.019329   0.019595   0.019458   0.018823   0.017491   0.015298   0.012235   0.008403   0.003881   -0.001352   -0.007201   -0.013576   -0.020510   -0.027983   -0.035920   -0.044284   -0.052981   -0.062082   -0.071446   -0.081145   -0.091030   -0.101155   -0.111388   -0.121790   -0.132281   -0.142829   -0.153406   -0.163987   -0.174546   -0.185063   -0.195516   -0.205885   -0.216151   -0.226297   -0.236307   -0.246165   -0.255857   -0.265375   -0.274713   -0.283872   -0.292856   -0.301672   -0.310327   -0.318834   -0.327206   
0.006537   0.008400   0.010232   0.011977   0.013530   0.014819   0.015787   0.016421   0.016680   0.016516   0.015847   0.014503   0.012280   0.009222   0.005233   0.000498   -0.004997   -0.011112   -0.017924   -0.025301   -0.033201   -0.041530   -0.050361   -0.059548   -0.069169   -0.079067   -0.089303   -0.099732   -0.110418   -0.121270   -0.132244   -0.143307   -0.154427   -0.165576   -0.176727   -0.187856   -0.198940   -0.209956   -0.220884   -0.231705   -0.242401   -0.252954   -0.263349   -0.273571   -0.283613   -0.293471   -0.303145   -0.312642   -0.321967   -0.331131   -0.340148   -0.349031   

